2.133,30,64,65
B0,mixamorig_Hips,-1,0.5448480248451233,-0.04726932942867279,0.8372016549110413,0,0.02836143597960472,0.9988774657249451,0.037940192967653275,0,-0.8380550742149353,0.003072601743042469,0.5455769300460815,0,-0.005274503957480192,0.4827736020088196,0.05597686767578125,1
B1,mixamorig_Spine,0,0.9958345293998718,0.08664067834615707,-0.02839311957359314,0,-0.07899527996778488,0.9754013419151306,0.20579646527767181,0,0.045525044202804565,-0.20269633829593658,0.9781827926635742,0,0,0.07960599660873413,0.0029090000316500664,1
B2,mixamorig_Spine1,1,0.9974218606948853,-0.04308903589844704,-0.057388752698898315,0,0.04808686301112175,0.994891881942749,0.08876229077577591,0,0.05327087640762329,-0.09129302203655243,0.9943981170654297,0,0,0.0929350033402443,0,1
B3,mixamorig_Spine2,2,0.9974218010902405,-0.04305846616625786,-0.05740680918097496,0,0.04807892069220543,0.9948568940162659,0.08915232121944427,0,0.0532727912068367,-0.09168251603841782,0.9943621158599854,0,0,0.10621199756860733,0,1
B4,mixamorig_Neck,3,0.9287371635437012,0.057207752019166946,-0.36629948019981384,0,-0.1962580531835556,0.914094865322113,-0.35484302043914795,0,0.31453248858451843,0.40144485235214233,0.8601807355880737,0,0,0.11948800086975098,0,1
B5,mixamorig_Head,4,0.9241918921470642,-0.10559963434934616,-0.3670390546321869,0,0.10577481985092163,0.9941948652267456,-0.019699206575751305,0,0.36698853969573975,-0.020617643371224403,0.9299966096878052,0,0,0.030191000550985336,0.005729000084102154,1
B6,mixamorig_HeadTop_End,5,1,0,0,0,0,1,0,0,0,0,1,0,0,0.16785000264644623,0.03185199946165085,1
B7,mixamorig_LeftShoulder,3,0.09328028559684753,-0.12141840904951096,-0.9882085919380188,0,0.8849096894264221,-0.4447936415672302,0.13818009197711945,0,-0.45632633566856384,-0.8873645067214966,0.06595383584499359,0,0.024251999333500862,0.11364100128412247,0.0015780000248923898,1
B8,mixamorig_LeftArm,7,0.8342495560646057,0.011514518409967422,0.5512674450874329,0,0.07120482623577118,0.9891605973243713,-0.12841732800006866,0,-0.5467703342437744,0.14638489484786987,0.8243862390518188,0,0,0.08369699865579605,0,1
B9,mixamorig_LeftForeArm,8,0.0808706060051918,0.9360103011131287,0.3425559401512146,0,-0.9548595547676086,0.17131437361240387,-0.2426813691854477,0,-0.2858370244503021,-0.3074670732021332,0.9076127409934998,0,0,0.15276600420475006,0,1
B10,mixamorig_LeftHand,9,0.9961706399917603,-0.05589362233877182,0.06722938269376755,0,0.07454241812229156,0.9448081851005554,-0.31903040409088135,0,-0.04568713530898094,0.32282036542892456,0.9453572034835815,0,0,0.15560699999332428,0,1
B11,mixamorig_LeftHandThumb1,10,0.8885223269462585,0.4245683252811432,-0.17398349940776825,0,-0.3497105538845062,0.8721089959144592,0.3422408998012543,0,0.29703712463378906,-0.2432447075843811,0.9233640432357788,0,-0.012005000375211239,0.017687000334262848,0.006289999932050705,1
B12,mixamorig_LeftHandThumb2,11,0.9700613617897034,-0.1986646056175232,0.1396901160478592,0,0.1911962628364563,0.979388952255249,0.0651286169886589,0,-0.14974963665008545,-0.03647051006555557,0.9880508184432983,0,-0.00020300000323913991,0.01782499998807907,0,1
B13,mixamorig_LeftHandThumb3,12,0.9997152090072632,0.011033345013856888,-0.021178200840950012,0,-0.011241462081670761,0.9998894333839417,-0.009733391925692558,0,0.021068468689918518,0.009968695230782032,0.999728798866272,0,0.0004250000056345016,0.016036000102758408,0,1
B14,mixamorig_LeftHandThumb4,13,1,0,0,0,0,1,0,0,0,0,1,0,-0.00022200000239536166,0.013601000420749187,0,1
B15,mixamorig_LeftHandIndex1,10,0.9486672282218933,0.20938535034656525,-0.2370387315750122,0,-0.17563556134700775,0.9720593690872192,0.15573519468307495,0,0.2630244791507721,-0.10610849410295486,0.9589368104934692,0,-0.015014000236988068,0.06937500089406967,-0.00023400000645779073,1
B16,mixamorig_LeftHandIndex2,15,0.9999695420265198,-0.007379255723208189,0.0024548599030822515,0,0.006125893443822861,0.9418735504150391,0.3359127938747406,0,-0.0047909533604979515,-0.33588746190071106,0.9418898224830627,0,-0.000037000001611886546,0.009588000364601612,0,1
B17,mixamorig_LeftHandIndex3,16,0.999970555305481,0.005552303045988083,0.005287605803459883,0,-0.006942362058907747,0.9483821392059326,0.31705325841903687,0,-0.003254296025261283,-0.31708070635795593,0.9483929872512817,0,-0.00003300000025774352,0.009341999888420105,0,1
B18,mixamorig_LeftHandIndex4,17,1,0,0,0,0,1,0,0,0,0,1,0,0.00007000000186963007,0.007697000168263912,0,1
B19,mixamorig_LeftHandMiddle1,10,0.9860245585441589,-0.05886078625917435,-0.1558542251586914,0,0.07946847379207611,0.9883924722671509,0.12948192656040192,0,0.14642369747161865,-0.14005783200263977,0.9792566299438477,0,-0.00456599984318018,0.07043100148439407,-0.000750000006519258,1
B20,mixamorig_LeftHandMiddle2,19,0.9999101161956787,-0.013142918236553669,-0.0026198129635304213,0,0.013389645144343376,0.9715391993522644,0.23649853467941284,0,-0.0005630301311612129,-0.23651240766048431,0.9716280698776245,0,0,0.01130400039255619,0,1
B21,mixamorig_LeftHandMiddle3,20,0.9999653100967407,-0.00692266458645463,-0.0046364013105630875,0,0.008158663287758827,0.9264351725578308,0.3763653337955475,0,0.0016898751491680741,-0.3763902485370636,0.9264599680900574,0,0.000035000000934815034,0.011048000305891037,0,1
B22,mixamorig_LeftHandMiddle4,21,1,0,0,0,0,1,0,0,0,0,1,0,-0.000035000000934815034,0.00976799987256527,0,1
B23,mixamorig_LeftHandRing1,10,0.9689520597457886,-0.2143273502588272,-0.12327263504266739,0,0.22075869143009186,0.9744676351547241,0.040962181985378265,0,0.11134591698646545,-0.06690391898155212,0.9915274381637573,0,0.005927000194787979,0.07049799710512161,-0.001155999954789877,1
B24,mixamorig_LeftHandRing2,23,0.9998976588249207,-0.01381121575832367,-0.003656574059277773,0,0.014121124520897865,0.9164732694625854,0.3998465836048126,0,-0.002171215135604143,-0.39985737204551697,0.9165745973587036,0,9.999999974752427e-7,0.009239999577403069,0,1
B25,mixamorig_LeftHandRing3,24,0.9996923804283142,-0.02395584248006344,-0.006398059893399477,0,0.0244277510792017,0.9072368144989014,0.41991063952445984,0,-0.004254757426679134,-0.41993775963783264,0.9075429439544678,0,0.000009000000318337698,0.008469999767839909,0,1
B26,mixamorig_LeftHandRing4,25,1,0,0,0,0,1,0,0,0,0,1,0,-0.000009999999747378752,0.0076049999333918095,0,1
B27,mixamorig_LeftHandPinky1,10,0.9422868490219116,-0.33084288239479065,0.05136158689856529,0,0.3340420722961426,0.9393654465675354,-0.07751026749610901,0,-0.0226035974919796,0.09019391238689423,0.9956680536270142,0,0.013652999885380268,0.06073300167918205,-0.00022699999681208283,1
B28,mixamorig_LeftHandPinky2,27,0.9995842576026917,-0.02802831307053566,-0.006736693903803825,0,0.028532862663269043,0.9287300109863281,0.36965686082839966,0,-0.004104288294911385,-0.36969542503356934,0.9291437268257141,0,0.00004999999873689376,0.00865700002759695,0,1
B29,mixamorig_LeftHandPinky3,28,0.9996801018714905,-0.024623582139611244,-0.005758276674896479,0,0.025134261697530746,0.9424393773078918,0.33343082666397095,0,-0.002783437492325902,-0.33346912264823914,0.9427574276924133,0,-0.000014999999621068127,0.007977000437676907,0,1
B30,mixamorig_LeftHandPinky4,29,1,0,0,0,0,1,0,0,0,0,1,0,-0.000035000000934815034,0.0071020000614225864,0,1
B31,mixamorig_RightShoulder,3,0.27605703473091125,0.2719740569591522,0.9218584895133972,0,-0.8820098042488098,-0.30942031741142273,0.35541167855262756,0,0.38190457224845886,-0.9112021327018738,0.1544661968946457,0,-0.024251999333500862,0.11354199796915054,-0.0011470000026747584,1
B32,mixamorig_RightArm,31,0.7359493374824524,-0.23960794508457184,-0.6332197785377502,0,0.1395537257194519,0.9688831567764282,-0.20442764461040497,0,0.6624979972839355,0.062080174684524536,0.7464866042137146,0,0,0.08369699865579605,0,1
B33,mixamorig_RightForeArm,32,-0.022660573944449425,-0.9217778444290161,-0.38705649971961975,0,0.9954575300216675,0.015007538720965385,-0.09402051568031311,0,0.09247477352619171,-0.38742879033088684,0.9172503352165222,0,0,0.15240700542926788,0,1
B34,mixamorig_RightHand,33,0.9677969217300415,-0.20280128717422485,-0.1491343230009079,0,0.16927269101142883,0.9627729058265686,-0.21074949204921722,0,0.18632270395755768,0.17871826887130737,0.9660970568656921,0,0,0.1556140035390854,0,1
B35,mixamorig_RightHandThumb1,34,0.8649968504905701,-0.4727361500263214,0.16822823882102966,0,0.37245041131973267,0.829559326171875,0.4160671532154083,0,-0.3362453579902649,-0.29724016785621643,0.8936371803283691,0,0.011339999735355377,0.017806999385356903,0.006459000054746866,1
B36,mixamorig_RightHandThumb2,35,0.9693775177001953,0.19405944645404816,-0.15049216151237488,0,-0.18364334106445312,0.9796992540359497,0.08040391653776169,0,0.1630401462316513,-0.050304852426052094,0.9853358268737793,0,0.0006210000137798488,0.017650999128818512,0,1
B37,mixamorig_RightHandThumb3,36,0.9891922473907471,-0.14539432525634766,0.018959514796733856,0,0.14578543603420258,0.9890895485877991,-0.02119293436408043,0,-0.015671314671635628,0.023727891966700554,0.9995954036712646,0,0.0008079999824985862,0.016551999375224113,0,1
B38,mixamorig_RightHandThumb4,37,1,0,0,0,0,1,0,0,0,0,1,0,-0.001429000054486096,0.013016999699175358,0,1
B39,mixamorig_RightHandIndex1,34,0.8681766986846924,-0.33178722858428955,0.3690340220928192,0,0.37225550413131714,0.9271723628044128,-0.04216309264302254,0,-0.32816892862319946,0.1739799529314041,0.9284589886665344,0,0.01464099995791912,0.07246299833059311,0.00034500000765547156,1
B40,mixamorig_RightHandIndex2,39,0.9999139904975891,0.012968413531780243,-0.001741883810609579,0,-0.01197406928986311,0.9605609774589539,0.27781060338020325,0,0.00527595030143857,-0.2777659296989441,0.9606339931488037,0,-0.00004999999873689376,0.008921000175178051,0,1
B41,mixamorig_RightHandIndex3,40,0.9999179244041443,0.011591908521950245,0.005477994680404663,0,-0.012797501869499683,0.9283024072647095,0.3716058135032654,0,-0.0007776144193485379,-0.37164533138275146,0.9283744096755981,0,-0.000022000000171829015,0.00836899969726801,0,1
B42,mixamorig_RightHandIndex4,41,1,0,0,0,0,1,0,0,0,0,1,0,0.00007200000254670158,0.007528000045567751,0,1
B43,mixamorig_RightHandMiddle1,34,0.9829792380332947,-0.07553071528673172,0.16747163236141205,0,0.08594872802495956,0.9947329163551331,-0.05584779381752014,0,-0.16237133741378784,0.06929120421409607,0.9842937588691711,0,0.005561999976634979,0.07470999658107758,-0.0013729999773204327,1
B44,mixamorig_RightHandMiddle2,43,0.9999099969863892,0.012814139015972614,0.0038835685700178146,0,-0.01326390728354454,0.9082713723182678,0.41817155480384827,0,0.0018311742460355163,-0.41818544268608093,0.908359706401825,0,-0.00002099999983329326,0.009185000322759151,0,1
B45,mixamorig_RightHandMiddle3,44,0.9999780654907227,0.004053080454468727,0.0051852501928806305,0,-0.0061845239251852036,0.848141610622406,0.5297337770462036,0,-0.0022507726680487394,-0.5297541618347168,0.848147988319397,0,0.00002700000004551839,0.009095000103116035,0,1
B46,mixamorig_RightHandMiddle4,45,1,0,0,0,0,1,0,0,0,0,1,0,-0.000007000000096013537,0.007675000000745058,0,1
B47,mixamorig_RightHandRing1,34,0.9931560754776001,0.11231708526611328,0.032024599611759186,0,-0.11449131369590759,0.9904392957687378,0.0769558846950531,0,-0.023074965924024582,-0.08009576052427292,0.9965202808380127,0,-0.006051999982446432,0.06717199832201004,-0.0009280000231228769,1
B48,mixamorig_RightHandRing2,47,0.9999735355377197,0.006463561672717333,-0.0033107830677181482,0,-0.004387052729725838,0.9009604454040527,0.4338783025741577,0,0.005787287838757038,-0.43385255336761475,0.9009655714035034,0,-0.000050999999075429514,0.010259999893605709,0,1
B49,mixamorig_RightHandRing3,48,0.9993979930877686,0.03273388743400574,0.011507241986691952,0,-0.034101374447345734,0.8654189705848694,0.4998868703842163,0,0.006404655519872904,-0.4999784529209137,0.8660144209861755,0,-0.00005900000178371556,0.010266000404953957,0,1
B50,mixamorig_RightHandRing4,49,1,0,0,0,0,1,0,0,0,0,1,0,0.00011000000085914508,0.008937000297009945,0,1
B51,mixamorig_RightHandPinky1,34,0.9425716400146484,0.3091586232185364,-0.12641359865665436,0,-0.29173216223716736,0.9463281035423279,0.13912270963191986,0,0.16263969242572784,-0.09425419569015503,0.9821733236312866,0,-0.014151000417768955,0.05815799906849861,0.00025099999038502574,1
B52,mixamorig_RightHandPinky2,51,0.9995360970497131,0.029834818094968796,0.006080379243940115,0,-0.02813202328979969,0.828508734703064,0.5592684745788574,0,0.011648031882941723,-0.5591804385185242,0.8289642930030823,0,-0.00005700000110664405,0.009421000257134438,0,1
B53,mixamorig_RightHandPinky3,52,0.9994735717773438,0.028062956407666206,0.016265587881207466,0,-0.03237736597657204,0.8329964280128479,0.5523304343223572,0,0.0019508489640429616,-0.5525662302970886,0.8334664106369019,0,-0.000007000000096013537,0.008631999604403973,0,1
B54,mixamorig_RightHandPinky4,53,1,0,0,0,0,1,0,0,0,0,1,0,0.00006500000017695129,0.007710000034421682,0,1
B55,mixamorig_LeftUpLeg,0,-0.8846047520637512,-0.3515407145023346,0.30642127990722656,0,0.4662468731403351,-0.6799744963645935,0.5659054517745972,0,0.009419816546142101,0.6434703469276428,0.7654129266738892,0,0.054579999297857285,-0.044266000390052795,-0.00036800000816583633,1
B56,mixamorig_LeftLeg,55,0.9682190418243408,-0.17921149730682373,0.1744566410779953,0,0.19592468440532684,0.10993065685033798,-0.9744380116462708,0,0.15545234084129333,0.9776495099067688,0.14154888689517975,0,0,0.2833159863948822,0,1
B57,mixamorig_LeftFoot,56,0.9853199124336243,-0.013493653386831284,-0.17018483579158783,0,0.16697731614112854,-0.13139139115810394,0.9771669507026672,0,-0.035546381026506424,-0.9912388920783997,-0.12720941007137299,0,0,0.24336299300193787,0,1
B58,mixamorig_LeftToeBase,57,0.9995139241218567,0.02642146684229374,-0.01654686965048313,0,-0.013930665329098701,0.8533605337142944,0.5211344361305237,0,0.027889583259820938,-0.5206506848335266,0.8533139228820801,0,0,0.08242200314998627,0,1
B59,mixamorig_LeftToe_End,58,1,0,0,0,0,1,0,0,0,0,1,0,0,0.032836999744176865,0,1
B60,mixamorig_RightUpLeg,0,-0.8772545456886292,0.3094302713871002,-0.36698395013809204,0,-0.4310302734375,-0.8442574143409729,0.3185003101825714,0,-0.21127529442310333,0.43758705258369446,0.8740024566650391,0,-0.054579999297857285,-0.044266000390052795,0.004178000148385763,1
B61,mixamorig_RightLeg,60,0.9772626161575317,0.0303352028131485,0.2098512202501297,0,0.16505038738250732,0.5124505758285522,-0.8427059054374695,0,-0.13310199975967407,0.8581807017326355,0.49579179286956787,0,0,0.26787498593330383,0,1
B62,mixamorig_RightFoot,61,0.8845334649085999,0.41414010524749756,0.2146824151277542,0,-0.21032781898975372,-0.05670745670795441,0.9759849905967712,0,0.4163685142993927,-0.9084448218345642,0.036945536732673645,0,0,0.22586800158023834,0,1
B63,mixamorig_RightToeBase,62,0.9999803304672241,-0.006176598370075226,0.001217863173224032,0,0.004472630098462105,0.8331528306007385,0.5530245900154114,0,-0.004430477041751146,-0.5530083179473877,0.8331641554832458,0,0,0.08159500360488892,0,1
B64,mixamorig_RightToe_End,63,1,0,0,0,0,1,0,0,0,0,1,0,0,0.03182800114154816,0,1
@52,0,1,2,3,4,5,7,8,9,10,11,12,13,15,16,17,19,20,21,23,24,25,27,28,29,31,32,33,34,35,36,37,39,40,41,43,44,45,47,48,49,51,52,53,55,56,57,58,60,61,62,63
K0,0.519338071346283,-0.023956097662448883,0.854232907295227,0,-0.008020099252462387,0.999426007270813,0.032903775572776794,0,-0.8545310497283936,-0.0239392202347517,0.5188479423522949,0,0.0072130002081394196,0.4908300042152405,0.016096999868750572,1,0.9987460374832153,0.04633369296789169,-0.01897508092224598,0,-0.04064130038022995,0.971566915512085,0.23325029015541077,0,0.029242919757962227,-0.2321867197751999,0.9722320437431335,0,0,0.07960599660873413,0.0029090000316500664,1,0.9952400326728821,-0.09679994732141495,-0.011241973377764225,0,0.09740205854177475,0.9844620227813721,0.14610819518566132,0,-0.003075971733778715,-0.14650776982307434,0.989205002784729,0,0,0.0929350033402443,0,1,0.9952409863471985,-0.09678708761930466,-0.011281818151473999,0,0.09739390760660172,0.9844050407409668,0.14649367332458496,0,-0.0030728180427104235,-0.14689533412456512,0.9891469478607178,0,0,0.10621199756860733,0,1,0.88583904504776,0.025260034948587418,-0.46330490708351135,0,-0.18930195271968842,0.9313099980354309,-0.3111690580844879,0,0.4236200749874115,0.363349974155426,0.8297719955444336,0,0,0.11948800086975098,0,1,0.9014267921447754,-0.05818507820367813,-0.42900437116622925,0,0.050541918724775314,0.9982950687408447,-0.029197920113801956,0,0.4299716055393219,0.004637078382074833,0.9028301239013672,0,0,0.030191000550985336,0.005729000084102154,1,0.2591707706451416,-0.09444889426231384,-0.96120285987854,0,0.8551420569419861,-0.44017282128334045,0.2738253176212311,0,-0.4489574730396271,-0.8929317593574524,-0.033312708139419556,0,0.024251999333500862,0.11364100128412247,0.0015780000248923898,1,0.946230947971344,0.02054213359951973,0.32283899188041687,0,-0.09458285570144653,0.9719399213790894,0.2153751701116562,0,-0.3093560039997101,-0.23432981967926025,0.9216231107711792,0,0,0.08369699865579605,0,1,0.7378159165382385,0.6734260320663452,-0.04610070958733559,0,-0.6732779741287231,0.7293349504470825,-0.12151827663183212,0,-0.048210714012384415,0.12069673836231232,0.9915180206298828,0,0,0.15276600420475006,0,1,0.9808580279350281,0.03915005549788475,-0.1907491832971573,0,-0.08738894760608673,0.9638959765434265,-0.25153225660324097,0,0.17401482164859772,0.26338672637939453,0.9488661885261536,0,0,0.15560699999332428,0,1,0.7587501406669617,0.6482277512550354,-0.06402510404586792,0,-0.6009601354598999,0.7345457077026367,0.31510129570961,0,0.25128689408302307,-0.20060668885707855,0.9468961358070374,0,-0.012005000375211239,0.017687000334262848,0.006289999932050705,1,0.9501679539680481,-0.2819192111492157,0.13304898142814636,0,0.27680182456970215,0.9593001008033752,0.05589580535888672,0,-0.14339199662208557,-0.016282198950648308,0.989531934261322,0,-0.00020300000323913991,0.01782499998807907,0,1,0.9970120191574097,-0.0745299905538559,-0.020284317433834076,0,0.07382102310657501,0.9967020153999329,-0.033708058297634125,0,0.02272968553006649,0.03210993856191635,0.9992259740829468,0,0.0004250000056345016,0.016036000102758408,0,1,0.9692109227180481,0.0802130326628685,-0.23279905319213867,0,-0.12521496415138245,0.9746360182762146,-0.18548701703548431,0,0.21201592683792114,0.2089260071516037,0.9546719789505005,0,-0.015014000236988068,0.06937500089406967,-0.00023400000645779073,1,0.9999520182609558,-0.009661322459578514,0.0015887896297499537,0,0.0074516786262393,0.8562040328979492,0.5165838599205017,0,-0.006351211573928595,-0.5165472030639648,0.8562349081039429,0,-0.000037000001611886546,0.009588000364601612,0,1,0.9999740719795227,0.001778071979060769,0.00704815611243248,0,-0.0052649276331067085,0.845706045627594,0.533623993396759,0,-0.005011843983083963,-0.5336470007896423,0.845693051815033,0,-0.00003300000025774352,0.009341999888420105,0,1,0.9866249561309814,0.06859526038169861,-0.14786817133426666,0,-0.06834772974252701,0.997639000415802,0.006760941352695227,0,0.14798283576965332,0.003435940947383642,0.9889839887619019,0,-0.00456599984318018,0.07043100148439407,-0.000750000006519258,1,0.9998459219932556,-0.016724083572626114,-0.005328811705112457,0,0.017154917120933533,0.8668230175971985,0.4983200430870056,0,-0.003714812221005559,-0.4983350336551666,0.8669769763946533,0,0,0.01130400039255619,0,1,0.9998829960823059,-0.010934881865978241,-0.01068290788680315,0,0.015287118963897228,0.7149919867515564,0.6989650130271912,0,-0.000004906400135951117,-0.6990470290184021,0.7150760293006897,0,0.000035000000934815034,0.011048000305891037,0,1,0.9955989122390747,0.002531327772885561,-0.09367707371711731,0,0.02215832844376564,0.9649291038513184,0.26157262921333313,0,0.09105392545461655,-0.2624973654747009,0.9606269001960754,0,0.005927000194787979,0.07049799710512161,-0.001155999954789877,1,0.9998419880867004,-0.017340898513793945,-0.00397109379991889,0,0.016993099823594093,0.8649140000343323,0.5016318559646606,0,-0.005264093168079853,-0.5016200542449951,0.8650719523429871,0,0,0.009239999577403069,0,1,0.9994649887084961,-0.02994835563004017,-0.013155858032405376,0,0.03103964403271675,0.741424024105072,0.670318067073822,0,-0.010320858098566532,-0.670367956161499,0.7419570684432983,0,0.000009000000318337698,0.008469999767839909,0,1,0.9850819110870361,-0.0836382508277893,0.15039603412151337,0,0.045547738671302795,0.9694990515708923,0.2408238649368286,0,-0.1659509539604187,-0.23038114607334137,0.9588459730148315,0,0.013652999885380268,0.06073300167918205,-0.00022699999681208283,1,0.9983829259872437,-0.051536913961172104,-0.023998122662305832,0,0.05289008095860481,0.6872267723083496,0.7245151400566101,0,-0.020847124978899956,-0.7246127724647522,0.6888412237167358,0,0.00004999999873689376,0.00865700002759695,0,1,0.9984090328216553,-0.05085190758109093,-0.024377480149269104,0,0.05279809609055519,0.691041111946106,0.720883846282959,0,-0.019812479615211487,-0.7210241556167603,0.6926267743110657,0,-0.000014999999621068127,0.007977000437676907,0,1,0.1621832400560379,0.10374759882688522,0.9812909960746765,0,-0.8825397491455078,-0.4295763373374939,0.1912793070077896,0,0.44138428568840027,-0.8970507979393005,0.02189130336046219,0,-0.024251999333500862,0.11354199796915054,-0.0011470000026747584,1,0.6391569972038269,0.15175797045230865,-0.7539549469947815,0,0.07492299377918243,0.9633879661560059,0.2574283182621002,0,0.7654179930686951,-0.22102569043636322,0.604386031627655,0,0,0.08369699865579605,0,1,-0.32902300357818604,-0.9225370287895203,-0.20166485011577606,0,0.9391460418701172,-0.34199875593185425,0.03226066753268242,0,-0.09873083978891373,-0.17877832055091858,0.978922963142395,0,0,0.15240700542926788,0,1,0.981670081615448,-0.1422198861837387,-0.12687161564826965,0,0.12023109197616577,0.978641927242279,-0.16674406826496124,0,0.14787639677524567,0.14843393862247467,0.9778040051460266,0,0,0.1556140035390854,0,1,0.7463428974151611,-0.6594890356063843,0.08970600366592407,0,0.6170689463615417,0.7361549735069275,0.27803120017051697,0,-0.24939598143100739,-0.15215180814266205,0.9563739895820618,0,0.011339999735355377,0.017806999385356903,0.006459000054746866,1,0.9486381411552429,0.28206759691238403,-0.1432631015777588,0,-0.27495139837265015,0.9590739011764526,0.06766797602176666,0,0.1564868688583374,-0.02480202727019787,0.9873690605163574,0,0.0006210000137798488,0.017650999128818512,0,1,0.9941639304161072,0.10663127899169922,0.01635797880589962,0,-0.10438472032546997,0.9891200065612793,-0.10365618765354156,0,-0.027233019471168518,0.10134381800889969,0.9944790005683899,0,0.0008079999824985862,0.016551999375224113,0,1,0.90208899974823,-0.2638179659843445,0.3415202498435974,0,0.33506205677986145,0.9269139766693115,-0.16900663077831268,0,-0.27197280526161194,0.266889363527298,0.9245539903640747,0,0.01464099995791912,0.07246299833059311,0.00034500000765547156,1,0.9999009966850281,0.013654309324920177,-0.003283268539234996,0,-0.011966691352427006,0.9507750272750854,0.3096520006656647,0,0.007349731400609016,-0.3095819354057312,0.9508439898490906,0,-0.00004999999873689376,0.008921000175178051,0,1,0.9999129772186279,0.012509936466813087,0.004112065304070711,0,-0.013117062859237194,0.9186498522758484,0.39485517144203186,0,0.0011620649602264166,-0.3948747515678406,0.918734073638916,0,-0.000022000000171829015,0.00836899969726801,0,1,0.9908280372619629,-0.11614987254142761,0.06906527280807495,0,0.12266512960195541,0.9874899983406067,-0.09908302128314972,0,-0.05669271945953369,0.10664598643779755,0.9926789999008179,0,0.005561999976634979,0.07470999658107758,-0.0013729999773204327,1,0.999919056892395,0.01080369669944048,0.006741052959114313,0,-0.012684304267168045,0.891845166683197,0.45216259360313416,0,-0.0011269475799053907,-0.4522113800048828,0.8919097781181335,0,-0.00002099999983329326,0.009185000322759151,0,1,0.9999539852142334,0.00112731393892318,0.009479119442403316,0,-0.0068466863594949245,0.7766510844230652,0.6298940181732178,0,-0.006651880219578743,-0.6299300193786621,0.776623010635376,0,0.00002700000004551839,0.009095000103116035,0,1,0.9864529967308044,0.10066396743059158,-0.12952686846256256,0,-0.08771902322769165,0.9909049868583679,0.10204621404409409,0,0.13862113654613495,-0.08930179476737976,0.9863110184669495,0,-0.006051999982446432,0.06717199832201004,-0.0009280000231228769,1,0.9999889731407166,0.004442790988832712,-0.0017256621504202485,0,-0.003227208275347948,0.8975989818572998,0.4408000707626343,0,0.0035073375329375267,-0.4407899081707001,0.8976039886474609,0,-0.000050999999075429514,0.010259999893605709,0,1,0.9994509816169739,0.029514983296394348,0.015032010152935982,0,-0.03292401507496834,0.8356631398200989,0.5482538342475891,0,0.0036200094036757946,-0.5484482645988464,0.8361768126487732,0,-0.00005900000178371556,0.010266000404953957,0,1,0.8996680378913879,0.2655821144580841,-0.3465026021003723,0,-0.20913183689117432,0.9588649868965149,0.1919412910938263,0,0.3832254111766815,-0.10021871328353882,0.9182019233703613,0,-0.014151000417768955,0.05815799906849861,0.00025099999038502574,1,0.9995419979095459,0.029053930193185806,0.008510836400091648,0,-0.028357069939374924,0.8000079393386841,0.5993191599845886,0,0.010603837668895721,-0.5992858409881592,0.8004651665687561,0,-0.00005700000110664405,0.009421000257134438,0,1,0.9994580149650574,0.026803139597177505,0.01910404860973358,0,-0.03290985897183418,0.8038701415061951,0.5938939452171326,0,0.0005610485677607358,-0.5942010879516602,0.8043168783187866,0,-0.000007000000096013537,0.008631999604403973,0,1,-0.8731961250305176,-0.3104669153690338,0.37568408250808716,0,0.48447415232658386,-0.6368357539176941,0.59977126121521,0,0.053039904683828354,0.7057267427444458,0.7064952254295349,0,0.054579999297857285,-0.044266000390052795,-0.00036800000816583633,1,0.9822480082511902,-0.14635707437992096,0.11734087020158768,0,0.146699920296669,0.2094639390707016,-0.9667490124702454,0,0.1169118657708168,0.9668009281158447,0.22721605002880096,0,0,0.2833159863948822,0,1,0.9772900938987732,-0.08430781215429306,-0.194410502910614,0,0.1954691857099533,0.004409259185194969,0.980699896812439,0,-0.08182349801063538,-0.996429979801178,0.020788714289665222,0,0,0.24336299300193787,0,1,0.9995239973068237,0.025761829689145088,-0.016969922930002213,0,-0.013149169273674488,0.8534120917320251,0.5210717916488647,0,0.027906078845262527,-0.5206001996994019,0.8533439040184021,0,0,0.08242200314998627,0,1,-0.8991848826408386,0.2596627175807953,-0.3521953821182251,0,-0.4036702811717987,-0.8028858304023743,0.4386618733406067,0,-0.16886858642101288,0.5366089940071106,0.8267610669136047,0,-0.054579999297857285,-0.044266000390052795,0.004178000148385763,1,0.989577054977417,0.02823297493159771,0.14121046662330627,0,0.11131298542022705,0.4721528887748718,-0.8744611740112305,0,-0.09136155247688293,0.8810650110244751,0.4640888571739197,0,0,0.26787498593330383,0,1,0.9187368750572205,0.334026962518692,0.21059145033359528,0,-0.21744802594184875,-0.017192956060171127,0.9759200811386108,0,0.3296044170856476,-0.9424068927764893,0.056837715208530426,0,0,0.22586800158023834,0,1,0.9994800090789795,-0.022373665124177933,0.02321399748325348,0,0.006830334663391113,0.8506156802177429,0.5257434248924255,0,-0.031509000808000565,-0.5253115296363831,0.8503262996673584,0,0,0.08159500360488892,0,1
K0.033,0.524194061756134,-0.03217477351427078,0.8509909510612488,0,0.0010184235870838165,0.9993090033531189,0.037155140191316605,0,-0.8515978455543518,-0.018609821796417236,0.5238642692565918,0,0.006189966574311256,0.49257606267929077,0.017382027581334114,1,0.9985730648040771,0.051317986100912094,-0.014808142557740211,0,-0.04652704671025276,0.9719149470329285,0.23068813979625702,0,0.026230687275528908,-0.22966980934143066,0.9729150533676147,0,0,0.07960599660873413,0.0029090000316500664,1,0.996397078037262,-0.0845927968621254,-0.006059665698558092,0,0.0846010074019432,0.9863989949226379,0.14092399179935455,0,-0.0059439088217914104,-0.1409289538860321,0.9900019764900208,0,0,0.0929350033402443,0,1,0.9963980317115784,-0.08458202332258224,-0.006093660835176706,0,0.0845927745103836,0.986344039440155,0.1413106769323349,0,-0.005941902752965689,-0.14131727814674377,0.9899470210075378,0,0,0.10621199756860733,0,1,0.8910099864006042,0.017245231196284294,-0.45365598797798157,0,-0.19997794926166534,0.9120158553123474,-0.35810044407844543,0,0.4075659215450287,0.4097922742366791,0.8160638809204102,0,0,0.11948800086975098,0,1,0.9080439805984497,-0.016836686059832573,-0.4185360074043274,0,0.011701706796884537,0.9998220205307007,-0.014832712709903717,0,0.4187110662460327,0.00857116561383009,0.9080789685249329,0,0,0.030191000550985336,0.005729000084102154,1,0.25288960337638855,-0.0962730348110199,-0.9626930952072144,0,0.858036994934082,-0.4374198615550995,0.26914119720458984,0,-0.44701194763183594,-0.8940889239311218,-0.028013091534376144,0,0.024251999333500862,0.11364100128412247,0.0015780000248923898,1,0.9573542475700378,-0.0023025809787213802,0.2889092266559601,0,-0.05993002653121948,0.9766360521316528,0.20637297630310059,0,-0.28263425827026367,-0.21488630771636963,0.9348483681678772,0,0,0.08369699865579605,0,1,0.7123973965644836,0.7004985809326172,-0.04231801629066467,0,-0.6987966895103455,0.7025322318077087,-0.13465021550655365,0,-0.06459255516529083,0.12549623847007751,0.9899889230728149,0,0,0.15276600420475006,0,1,0.9821410179138184,0.054065316915512085,-0.18021279573440552,0,-0.09178610891103745,0.9737962484359741,-0.20807789266109467,0,0.16424068808555603,0.22090278565883636,0.9613673686981201,0,0,0.15560699999332428,0,1,0.7563728094100952,0.6499731540679932,-0.07371483743190765,0,-0.6066240072250366,0.7391279935836792,0.2927420437335968,0,0.24475929141044617,-0.1767050325870514,0.9533461928367615,0,-0.012005000375211239,0.017687000334262848,0.006289999932050705,1,0.9517939686775208,-0.2784020006656647,0.12876294553279877,0,0.27325981855392456,0.9602870345115662,0.056373149156570435,0,-0.13934387266635895,-0.01846989430487156,0.9900720119476318,0,-0.00020300000323913991,0.01782499998807907,0,1,0.9954319596290588,-0.09170237183570862,-0.026582304388284683,0,0.0905282199382782,0.9949889183044434,-0.042440351098775864,0,0.03034096769988537,0.03984001651406288,0.9987450242042542,0,0.0004250000056345016,0.016036000102758408,0,1,0.9663149118423462,0.08587295562028885,-0.2426140159368515,0,-0.12098512798547745,0.9836052656173706,-0.133729487657547,0,0.2271524965763092,0.1585773527622223,0.9608609676361084,0,-0.015014000236988068,0.06937500089406967,-0.00023400000645779073,1,0.9999499917030334,-0.009805036708712578,0.001729703159071505,0,0.007164971437305212,0.8292824029922485,0.5587838292121887,0,-0.006913311313837767,-0.5587437748908997,0.8293115496635437,0,-0.000037000001611886546,0.009588000364601612,0,1,0.9999709129333496,0.0012738973600789905,0.007564093451946974,0,-0.005355090368539095,0.821966290473938,0.5695109367370605,0,-0.005491927731782198,-0.5695344805717468,0.8219486474990845,0,-0.00003300000025774352,0.009341999888420105,0,1,0.9859369397163391,0.0725310742855072,-0.15055646002292633,0,-0.0642729327082634,0.9961859583854675,0.059016913175582886,0,0.1542627364397049,-0.04851023107767105,0.9868379831314087,0,-0.00456599984318018,0.07043100148439407,-0.000750000006519258,1,0.9998310208320618,-0.01738298311829567,-0.005909320432692766,0,0.017887044697999954,0.8496626615524292,0.5270236134529114,0,-0.004140316043049097,-0.5270406007766724,0.8498305678367615,0,0,0.01130400039255619,0,1,0.999875009059906,-0.011248841881752014,-0.01108242105692625,0,0.015790166333317757,0.7048769593238831,0.7091538906097412,0,-0.00016541765944566578,-0.7092403769493103,0.7049666047096252,0,0.000035000000934815034,0.011048000305891037,0,1,0.9956799745559692,-0.004035075660794973,-0.0927630290389061,0,0.03270331397652626,0.9502756595611572,0.3096880316734314,0,0.08690086007118225,-0.3113839030265808,0.9463027119636536,0,0.005927000194787979,0.07049799710512161,-0.001155999954789877,1,0.9998080134391785,-0.0188352819532156,-0.005343036726117134,0,0.018671778962016106,0.8352261185646057,0.5495893359184265,0,-0.005889026448130608,-0.5495836138725281,0.8354175686836243,0,0,0.009239999577403069,0,1,0.9994140863418579,-0.03088078461587429,-0.014785083010792732,0,0.03227025270462036,0.7053436040878296,0.7081314921379089,0,-0.011439081281423569,-0.7081929445266724,0.7059260606765747,0,0.000009000000318337698,0.008469999767839909,0,1,0.9818187952041626,-0.11639817804098129,0.1499411165714264,0,0.06771502643823624,0.9527246356010437,0.29619306325912476,0,-0.17732907831668854,-0.2806549072265625,0.9432857632637024,0,0.013652999885380268,0.06073300167918205,-0.00022699999681208283,1,0.9981120228767395,-0.0547652468085289,-0.027798695489764214,0,0.056380871683359146,0.6375467777252197,0.7683460116386414,0,-0.02435569278895855,-0.7684628963470459,0.6394310593605042,0,0.00004999999873689376,0.00865700002759695,0,1,0.998244047164917,-0.05268366262316704,-0.027072949334979057,0,0.055072423070669174,0.6572425365447998,0.7516643404960632,0,-0.021806946024298668,-0.7518357634544373,0.6589901447296143,0,-0.000014999999621068127,0.007977000437676907,0,1,0.14764489233493805,0.10474894940853119,0.9834780693054199,0,-0.8943321704864502,-0.41047757863998413,0.17798127233982086,0,0.42233899235725403,-0.9058339595794678,0.03307541459798813,0,-0.024251999333500862,0.11354199796915054,-0.0011470000026747584,1,0.6745450496673584,0.15159495174884796,-0.7225010991096497,0,0.06021964177489281,0.9641281366348267,0.2585156261920929,0,0.7357732653617859,-0.2178891897201538,0.6412187814712524,0,0,0.08369699865579605,0,1,-0.33474695682525635,-0.9276031851768494,-0.16581979393959045,0,0.9390018582344055,-0.34309419989585876,0.02368389256298542,0,-0.07886109501123428,-0.1477770358324051,0.9858711957931519,0,0,0.15240700542926788,0,1,0.9847740530967712,-0.12134130299091339,-0.12448611855506897,0,0.10570783913135529,0.9864681363105774,-0.1253231316804886,0,0.1380084902048111,0.11025583744049072,0.9842751622200012,0,0,0.1556140035390854,0,1,0.739490807056427,-0.6678032875061035,0.08480735868215561,0,0.6236859560012817,0.7270839810371399,0.28699228167533875,0,-0.25331658124923706,-0.15933506190776825,0.954171895980835,0,0.011339999735355377,0.017806999385356903,0.006459000054746866,1,0.9509191513061523,0.2739904522895813,-0.1438148021697998,0,-0.26659512519836426,0.9613519310951233,0.06877497583627701,0,0.15710024535655975,-0.027059104293584824,0.9872120022773743,0,0.0006210000137798488,0.017650999128818512,0,1,0.9950979948043823,0.09744898229837418,0.016827937215566635,0,-0.0952775850892067,0.990333080291748,-0.10080968588590622,0,-0.026489058509469032,0.09871216863393784,0.9947629570960999,0,0.0008079999824985862,0.016551999375224113,0,1,0.9001458883285522,-0.27344730496406555,0.3390629291534424,0,0.3458891808986664,0.9218449592590332,-0.1748191863298416,0,-0.26475977897644043,0.27464115619659424,0.9243780374526978,0,0.01464099995791912,0.07246299833059311,0.00034500000765547156,1,0.9999070167541504,0.013263806700706482,-0.003205753630027175,0,-0.011654197238385677,0.9522809386253357,0.3050001859664917,0,0.0070982426404953,-0.3049345314502716,0.9523470997810364,0,-0.00004999999873689376,0.008921000175178051,0,1,0.9999120235443115,0.012621049769222736,0.00413382425904274,0,-0.013241957873106003,0.9236772060394287,0.38294270634651184,0,0.0010148194851353765,-0.38296377658843994,0.92376309633255,0,-0.000022000000171829015,0.00836899969726801,0,1,0.9901829957962036,-0.12134085595607758,0.0693778395652771,0,0.1282413750886917,0.9861019253730774,-0.10562403500080109,0,-0.05559714138507843,0.11348430812358856,0.9919829368591309,0,0.005561999976634979,0.07470999658107758,-0.0013729999773204327,1,0.9999199509620667,0.010845385491847992,0.006532727275043726,0,-0.01261761412024498,0.8962440490722656,0.44338181614875793,0,-0.0010462709469720721,-0.44342878460884094,0.8963091373443604,0,-0.00002099999983329326,0.009185000322759151,0,1,0.9999560117721558,0.0012511018430814147,0.009257030673325062,0,-0.006706894375383854,0.7859399914741516,0.6182660460472107,0,-0.006501962896436453,-0.6183013916015625,0.7859144806861877,0,0.00002700000004551839,0.009095000103116035,0,1,0.9867939949035645,0.10169506818056107,-0.12607699632644653,0,-0.09013301879167557,0.9914590120315552,0.09425802528858185,0,0.13458578288555145,-0.08164957165718079,0.9875320792198181,0,-0.006051999982446432,0.06717199832201004,-0.0009280000231228769,1,0.9999880194664001,0.004667811561375856,-0.001642949297092855,0,-0.003494187258183956,0.9011441469192505,0.43350476026535034,0,0.00350405415520072,-0.433493971824646,0.9011500477790833,0,-0.000050999999075429514,0.010259999893605709,0,1,0.9994599223136902,0.029630085453391075,0.014208043925464153,0,-0.032617922872304916,0.8421201705932617,0.5383017659187317,0,0.003985046409070492,-0.5384746789932251,0.8426321744918823,0,-0.00005900000178371556,0.010266000404953957,0,1,0.8992090225219727,0.2751871943473816,-0.34013989567756653,0,-0.22330032289028168,0.957207977771759,0.18409395217895508,0,0.37624478340148926,-0.0895855650305748,0.922179102897644,0,-0.014151000417768955,0.05815799906849861,0.00025099999038502574,1,0.9995579719543457,0.02858421392738819,0.008173062466084957,0,-0.02787178009748459,0.8053231239318848,0.5921809673309326,0,0.010345064103603363,-0.5921465754508972,0.805763304233551,0,-0.00005700000110664405,0.009421000257134438,0,1,0.9994649887084961,0.026686813682317734,0.018892940133810043,0,-0.03269517794251442,0.8087501525878906,0.5872418284416199,0,0.0003919432347174734,-0.5875459909439087,0.8091909885406494,0,-0.000007000000096013537,0.008631999604403973,0,1,-0.8737698793411255,-0.3151400685310364,0.3704230785369873,0,0.4837818741798401,-0.6412263512611389,0.5956376791000366,0,0.04981571435928345,0.6996539235115051,0.7127429842948914,0,0.054579999297857285,-0.044266000390052795,-0.00036800000816583633,1,0.9836729764938354,-0.14306986331939697,0.10917000472545624,0,0.13861298561096191,0.21543927490711212,-0.9666298627853394,0,0.11477607488632202,0.9659799337387085,0.23175309598445892,0,0,0.2833159863948822,0,1,0.9766929745674133,-0.08874886482954025,-0.1954318732023239,0,0.1965031921863556,0.0034134502056986094,0.9804970026016235,0,-0.08635091781616211,-0.9960479736328125,0.020773334428668022,0,0,0.24336299300193787,0,1,0.9995239973068237,0.025761334225535393,-0.01697005331516266,0,-0.01314866729080677,0.8534119129180908,0.5210720896720886,0,0.02790595032274723,-0.5206007957458496,0.853344202041626,0,0,0.08242200314998627,0,1,-0.8971851468086243,0.26162606477737427,-0.35582295060157776,0,-0.40348806977272034,-0.8131662011146545,0.41947272419929504,0,-0.17959833145141602,0.5199154615402222,0.8351243138313293,0,-0.054579999297857285,-0.044266000390052795,0.004178000148385763,1,0.9904810190200806,0.036165423691272736,0.13281165063381195,0,0.09848710894584656,0.48786628246307373,-0.867344856262207,0,-0.09616221487522125,0.8721687197685242,0.47966042160987854,0,0,0.26787498593330383,0,1,0.9198710322380066,0.33237266540527344,0.2082430124282837,0,-0.21710827946662903,-0.010687034577131271,0.9760889410972595,0,0.32665103673934937,-0.9430879950523376,0.0623302161693573,0,0,0.22586800158023834,0,1,0.9994829893112183,-0.022121969610452652,0.023325081914663315,0,0.0066260299645364285,0.8517560362815857,0.5238959193229675,0,-0.03145691752433777,-0.5234709978103638,0.8514630198478699,0,0,0.08159500360488892,0,1
