3.633,30,109,65
B0,mixamorig_Hips,-1,0.7002900838851929,-0.011982657946646214,0.7137576937675476,0,0.10284319519996643,0.9911220669746399,-0.08426360785961151,0,-0.7064111232757568,0.1324140578508377,0.6953051090240479,0,-0.028202194720506668,0.52324378490448,0.05102295055985451,1
B1,mixamorig_Spine,0,0.993667483329773,0.11007604002952576,0.022530050948262215,0,-0.11213777959346771,0.9841274619102478,0.13754096627235413,0,-0.007032484281808138,-0.13919655978679657,0.9902399182319641,0,0,0.07960599660873413,0.0029090000316500664,1
B2,mixamorig_Spine1,1,0.9980065822601318,0.06230079382658005,0.010098230093717575,0,-0.06175931915640831,0.9969765543937683,-0.047159142792224884,0,-0.013005740009248257,0.04644143581390381,0.9988360404968262,0,0,0.0929350033402443,0,1
B3,mixamorig_Spine2,2,0.9980352520942688,0.06180349364876747,0.010273320600390434,0,-0.06125948205590248,0.9970251321792603,-0.046773407608270645,0,-0.013133523985743523,0.04605218768119812,0.9988526701927185,0,0,0.10621199756860733,0,1
B4,mixamorig_Neck,3,0.9332661628723145,0.343588650226593,-0.10469454526901245,0,-0.3421204388141632,0.9391024112701416,0.032241370528936386,0,0.10939668864011765,0.005728363990783691,0.9939813613891602,0,0,0.11948800086975098,0,1
B5,mixamorig_Head,4,0.9296236634254456,-0.23440980911254883,-0.2843444347381592,0,0.315899521112442,0.9042329788208008,0.28735074400901794,0,0.18975575268268585,-0.3569522798061371,0.9146461486816406,0,0,0.030191000550985336,0.005729000084102154,1
B6,mixamorig_HeadTop_End,5,1,0,0,0,0,1,0,0,0,0,1,0,0,0.16785000264644623,0.03185199946165085,1
B7,mixamorig_LeftShoulder,3,0.17145027220249176,-0.17731349170207977,-0.9691048860549927,0,0.7253978252410889,-0.6428848505020142,0.2459608018398285,0,-0.6666348576545715,-0.7451565265655518,0.018400032073259354,0,0.024251999333500862,0.11364100128412247,0.0015780000248923898,1
B8,mixamorig_LeftArm,7,0.963392972946167,0.04523058235645294,-0.26424887776374817,0,0.014679084531962872,0.9752869606018066,0.22045321762561798,0,0.2676898241043091,-0.216262087225914,0.9389209747314453,0,0,0.08369699865579605,0,1
B9,mixamorig_LeftForeArm,8,0.33224448561668396,0.8098496198654175,-0.4834846556186676,0,-0.9314422011375427,0.3623821437358856,-0.03307556360960007,0,0.14842000603675842,0.4613274037837982,0.8747279047966003,0,0,0.15276600420475006,0,1
B10,mixamorig_LeftHand,9,0.8972365260124207,-0.20806831121444702,0.38945409655570984,0,0.20834162831306458,0.9771513342857361,0.04206530377268791,0,-0.38930782675743103,0.043396953493356705,0.9200847148895264,0,0,0.15560699999332428,0,1
B11,mixamorig_LeftHandThumb1,10,0.8347360491752625,0.5408942103385925,-0.10319226235151291,0,-0.4902495741844177,0.8153419494628906,0.3080149292945862,0,0.2507404685020447,-0.2065211981534958,0.9457684755325317,0,-0.012005000375211239,0.017687000334262848,0.006289999932050705,1
B12,mixamorig_LeftHandThumb2,11,0.9032290577888489,-0.41056403517723083,0.1249552071094513,0,0.4048524498939514,0.9117528796195984,0.06929223239421844,0,-0.14237718284130096,-0.011998343281447887,0.9897396564483643,0,-0.00020300000323913991,0.01782499998807907,0,1
B13,mixamorig_LeftHandThumb3,12,0.9775076508522034,-0.2103397399187088,-0.01536982599645853,0,0.20965653657913208,0.97706139087677,-0.03734486177563667,0,0.022872373461723328,0.033282503485679626,0.9991841912269592,0,0.0004250000056345016,0.016036000102758408,0,1
B14,mixamorig_LeftHandThumb4,13,1,0,0,0,0,1,0,0,0,0,1,0,-0.00022200000239536166,0.013601000420749187,0,1
B15,mixamorig_LeftHandIndex1,10,0.9691823720932007,0.07905635237693787,-0.23331329226493835,0,-0.06710951030254364,0.9960157871246338,0.05871941149234772,0,0.2370261251926422,-0.04125232249498367,0.9706274271011353,0,-0.015014000236988068,0.06937500089406967,-0.00023400000645779073,1
B16,mixamorig_LeftHandIndex2,15,0.999933123588562,-0.011544138193130493,0.00005546255124500021,0,0.008040855638682842,0.6999161243438721,0.7141798138618469,0,-0.008283410221338272,-0.7141317129135132,0.6999621987342834,0,-0.000037000001611886546,0.009588000364601612,0,1
B17,mixamorig_LeftHandIndex3,16,0.9999709725379944,-0.0013891333946958184,0.0075086201541125774,0,-0.0045145112089812756,0.6855105757713318,0.7280492782592773,0,-0.006158589851111174,-0.7280612587928772,0.6854837536811829,0,-0.00003300000025774352,0.009341999888420105,0,1
B18,mixamorig_LeftHandIndex4,17,1,0,0,0,0,1,0,0,0,0,1,0,0.00007000000186963007,0.007697000168263912,0,1
B19,mixamorig_LeftHandMiddle1,10,0.9874882698059082,0.06318075209856033,-0.14447961747646332,0,-0.024863220751285553,0.9671468734741211,0.25299713015556335,0,0.1557176411151886,-0.24623961746692657,0.9566176533699036,0,-0.00456599984318018,0.07043100148439407,-0.000750000006519258,1
B20,mixamorig_LeftHandMiddle2,19,0.9997754096984863,-0.019424624741077423,-0.008486252278089523,0,0.019820570945739746,0.7147162556648254,0.6991336345672607,0,-0.007515145465731621,-0.699144721031189,0.7149406671524048,0,0,0.01130400039255619,0,1
B21,mixamorig_LeftHandMiddle3,20,0.9998144507408142,-0.012853169813752174,-0.014322216622531414,0,0.018907621502876282,0.5175727009773254,0.8554307222366333,0,-0.003582207951694727,-0.8555424809455872,0.5177195072174072,0,0.000035000000934815034,0.011048000305891037,0,1
B22,mixamorig_LeftHandMiddle4,21,1,0,0,0,0,1,0,0,0,0,1,0,-0.000035000000934815034,0.00976799987256527,0,1
B23,mixamorig_LeftHandRing1,10,0.9955909252166748,-0.006035507190972567,-0.09361086785793304,0,0.05157779902219772,0.8687607645988464,0.4925386905670166,0,0.07835269719362259,-0.49519509077072144,0.8652412295341492,0,0.005927000194787979,0.07049799710512161,-0.001155999954789877,1
B24,mixamorig_LeftHandRing2,23,0.9996890425682068,-0.023671481758356094,-0.007855175994336605,0,0.022374408319592476,0.7120264172554016,0.7017962336540222,0,-0.011019458994269371,-0.7017534971237183,0.712334394454956,0,9.999999974752427e-7,0.009239999577403069,0,1
B25,mixamorig_LeftHandRing3,24,0.99924236536026,-0.03331882506608963,-0.02012478932738304,0,0.03514877334237099,0.5502082705497742,0.8342870473861694,0,-0.016724642366170883,-0.8343624472618103,0.5509626269340515,0,0.000009000000318337698,0.008469999767839909,0,1
B26,mixamorig_LeftHandRing4,25,1,0,0,0,0,1,0,0,0,0,1,0,-0.000009999999747378752,0.0076049999333918095,0,1
B27,mixamorig_LeftHandPinky1,10,0.9842725396156311,-0.10031864792108536,0.1454089879989624,0,0.01952994614839554,0.8798633217811584,0.4748256206512451,0,-0.17557393014431,-0.46451810002326965,0.8679847121238708,0,0.013652999885380268,0.06073300167918205,-0.00022699999681208283,1
B28,mixamorig_LeftHandPinky2,27,0.9973608255386353,-0.061801888048648834,-0.03809744119644165,0,0.06332401186227798,0.4838603734970093,0.8728514313697815,0,-0.03551003709435463,-0.87296062707901,0.48649710416793823,0,0.00004999999873689376,0.00865700002759695,0,1
B29,mixamorig_LeftHandPinky3,28,0.9973948001861572,-0.06093082204461098,-0.038623955100774765,0,0.06354109942913055,0.4884612262248993,0.870268702507019,0,-0.03415987268090248,-0.8704555034637451,0.49106019735336304,0,-0.000014999999621068127,0.007977000437676907,0,1
B30,mixamorig_LeftHandPinky4,29,1,0,0,0,0,1,0,0,0,0,1,0,-0.000035000000934815034,0.0071020000614225864,0,1
B31,mixamorig_RightShoulder,3,0.030330544337630272,0.14620934426784515,0.9887884259223938,0,-0.8196788430213928,-0.5624898672103882,0.10831695795059204,0,0.5720205307006836,-0.8137742877006531,0.10278414189815521,0,-0.024251999333500862,0.11354199796915054,-0.0011470000026747584,1
B32,mixamorig_RightArm,31,0.3362615704536438,0.3489328920841217,-0.8747426271438599,0,-0.4114266633987427,0.8899345397949219,0.19683559238910675,0,0.8471463918685913,0.2937043011188507,0.4428112208843231,0,0,0.08369699865579605,0,1
B33,mixamorig_RightForeArm,32,-0.6552563309669495,-0.5238932371139526,-0.544219970703125,0,0.45770442485809326,-0.8484765291213989,0.26569658517837524,0,-0.6009544134140015,-0.07499253004789352,0.7957577109336853,0,0,0.15240700542926788,0,1
B34,mixamorig_RightHand,33,0.8320408463478088,-0.023577086627483368,0.5542131066322327,0,0.029023144394159317,0.9995786547660828,-0.001048854785040021,0,-0.5539547204971313,0.01695769466459751,0.8323743343353271,0,0,0.1556140035390854,0,1
B35,mixamorig_RightHandThumb1,34,0.7693784236907959,-0.6310526132583618,0.09914477914571762,0,0.5882686972618103,0.7604364156723022,0.2750938832759857,0,-0.2489919513463974,-0.15332747995853424,0.9562915563583374,0,0.011339999735355377,0.017806999385356903,0.006459000054746866,1
B36,mixamorig_RightHandThumb2,35,0.9448578953742981,0.29471835494041443,-0.1427731215953827,0,-0.287568062543869,0.9552831649780273,0.06883988529443741,0,0.15667720139026642,-0.023986922577023506,0.987358808517456,0,0.0006210000137798488,0.017650999128818512,0,1
B37,mixamorig_RightHandThumb3,36,0.9926905632019043,0.11973781883716583,0.01512661762535572,0,-0.1175413578748703,0.987612783908844,-0.10394976288080215,0,-0.02738594077527523,0.10141188651323318,0.9944673180580139,0,0.0008079999824985862,0.016551999375224113,0,1
B38,mixamorig_RightHandThumb4,37,1,0,0,0,0,1,0,0,0,0,1,0,-0.001429000054486096,0.013016999699175358,0,1
B39,mixamorig_RightHandIndex1,34,0.9019337296485901,-0.26658275723457336,0.33977752923965454,0,0.2749955952167511,0.9611429572105408,0.02412267215549946,0,-0.3330053985118866,0.07168025523424149,0.94019615650177,0,0.01464099995791912,0.07246299833059311,0.00034500000765547156,1
B40,mixamorig_RightHandIndex2,39,0.9999222755432129,0.011867547407746315,-0.003937438130378723,0,-0.008339734748005867,0.8676249980926514,0.49714916944503784,0,0.0093161566182971,-0.49707746505737305,0.8676561713218689,0,-0.00004999999873689376,0.008921000175178051,0,1
B41,mixamorig_RightHandIndex3,40,0.9999404549598694,0.00900975987315178,0.00612777192145586,0,-0.010895026847720146,0.8187838196754456,0.5739985704421997,0,0.00015426927711814642,-0.5740313529968262,0.8188334703445435,0,-0.000022000000171829015,0.00836899969726801,0,1
B42,mixamorig_RightHandIndex4,41,1,0,0,0,0,1,0,0,0,0,1,0,0.00007200000254670158,0.007528000045567751,0,1
B43,mixamorig_RightHandMiddle1,34,0.9914343357086182,-0.11273407936096191,0.0659465417265892,0,0.10543406754732132,0.988834798336029,0.10530389100313187,0,-0.0770815908908844,-0.0974489077925682,0.9922510385513306,0,0.005561999976634979,0.07470999658107758,-0.0013729999773204327,1
B44,mixamorig_RightHandMiddle2,43,0.9998843669891357,0.012548521161079407,0.008628123439848423,0,-0.01518870610743761,0.7807822227478027,0.6246188282966614,0,0.0011013569310307503,-0.6246771216392517,0.7808818817138672,0,-0.00002099999983329326,0.009185000322759151,0,1
B45,mixamorig_RightHandMiddle3,44,0.9999284744262695,0.002495687687769532,0.011697021313011646,0,-0.010643593966960907,0.6317740082740784,0.7750795483589172,0,-0.005455516744405031,-0.7751483917236328,0.6317552328109741,0,0.00002700000004551839,0.009095000103116035,0,1
B46,mixamorig_RightHandMiddle4,45,1,0,0,0,0,1,0,0,0,0,1,0,-0.000007000000096013537,0.007675000000745058,0,1
B47,mixamorig_RightHandRing1,34,0.9857039451599121,0.10378092527389526,-0.132727712392807,0,-0.05961163341999054,0.9516369700431824,0.30138644576072693,0,0.15758678317070007,-0.289165735244751,0.9442188739776611,0,-0.006051999982446432,0.06717199832201004,-0.0009280000231228769,1
B48,mixamorig_RightHandRing2,47,0.9999675154685974,0.007604565005749464,-0.0028022753540426493,0,-0.0042759147472679615,0.7887706756591797,0.6146724820137024,0,0.006884667091071606,-0.6146403551101685,0.7887772917747498,0,-0.000050999999075429514,0.010259999893605709,0,1
B49,mixamorig_RightHandRing3,48,0.9994001388549805,0.028678592294454575,0.019403744488954544,0,-0.03399476408958435,0.7061257362365723,0.7072696089744568,0,0.006582015659660101,-0.7075053453445435,0.7066774964332581,0,-0.00005900000178371556,0.010266000404953957,0,1
B50,mixamorig_RightHandRing4,49,1,0,0,0,0,1,0,0,0,0,1,0,0.00011000000085914508,0.008937000297009945,0,1
B51,mixamorig_RightHandPinky1,34,0.8974387645721436,0.27205759286880493,-0.34725794196128845,0,-0.1319209188222885,0.9166747331619263,0.377233624458313,0,0.4209517240524292,-0.29273340106010437,0.8585492372512817,0,-0.014151000417768955,0.05815799906849861,0.00025099999038502574,1
B52,mixamorig_RightHandPinky2,51,0.9993368983268738,0.03389964625239372,0.013288234360516071,0,-0.03238573670387268,0.66075599193573,0.7499014139175415,0,0.016641119495034218,-0.7498347163200378,0.6614159941673279,0,-0.00005700000110664405,0.009421000257134438,0,1
B53,mixamorig_RightHandPinky3,52,0.9992306232452393,0.02952912449836731,0.02581624500453472,0,-0.038925230503082275,0.6656057238578796,0.7452876567840576,0,0.004824246745556593,-0.745718777179718,0.6662427186965942,0,-0.000007000000096013537,0.008631999604403973,0,1
B54,mixamorig_RightHandPinky4,53,1,0,0,0,0,1,0,0,0,0,1,0,0.00006500000017695129,0.007710000034421682,0,1
B55,mixamorig_LeftUpLeg,0,-0.9688094258308411,-0.22801832854747772,0.09703612327575684,0,0.24736398458480835,-0.866443932056427,0.43368855118751526,0,-0.014812576584517956,0.44416481256484985,0.8958225846290588,0,0.054579999297857285,-0.044266000390052795,-0.00036800000816583633,1
B56,mixamorig_LeftLeg,55,0.9997640252113342,0.018311118707060814,-0.011709582060575485,0,-0.01779080554842949,0.3799392282962799,-0.9248404502868652,0,-0.012485930696129799,0.9248301982879639,0.3801751732826233,0,0,0.2833159863948822,0,1
B57,mixamorig_LeftFoot,56,0.9545269012451172,-0.17396403849124908,-0.24210508167743683,0,0.239364355802536,-0.03688959404826164,0.9702282547950745,0,-0.17771606147289276,-0.9840607047080994,0.006428681779652834,0,0,0.24336299300193787,0,1
B58,mixamorig_LeftToeBase,57,0.9995229840278625,0.02585417963564396,-0.016912447288632393,0,-0.013226051814854145,0.8528144955635071,0.5220460295677185,0,0.027920246124267578,-0.5215732455253601,0.8527494072914124,0,0,0.08242200314998627,0,1
B59,mixamorig_LeftToe_End,58,1,0,0,0,0,1,0,0,0,0,1,0,0,0.032836999744176865,0,1
B60,mixamorig_RightUpLeg,0,-0.8469669222831726,0.3804897665977478,-0.371315062046051,0,-0.39318257570266724,-0.9183954000473022,-0.04424112290143967,0,-0.3578471839427948,0.10852378606796265,0.9274522066116333,0,-0.054579999297857285,-0.044266000390052795,0.004178000148385763,1
B61,mixamorig_RightLeg,60,0.9946443438529968,-0.10328253358602524,0.004034338053315878,0,0.07850369065999985,0.7294744849205017,-0.6794877648353577,0,0.06723623722791672,0.6761651039123535,0.733675479888916,0,0,0.26787498593330383,0,1
B62,mixamorig_RightFoot,61,0.887719988822937,0.4384814500808716,0.14030885696411133,0,-0.20882290601730347,0.11189017444849014,0.9715317487716675,0,0.41029950976371765,-0.8917478919029236,0.19089213013648987,0,0,0.22586800158023834,0,1
B63,mixamorig_RightToeBase,62,0.9982691407203674,0.048587121069431305,0.03314625844359398,0,-0.058797553181648254,0.8100825548171997,0.5833600163459778,0,0.0014925772557035089,-0.5842991471290588,0.8115371465682983,0,0,0.08159500360488892,0,1
B64,mixamorig_RightToe_End,63,1,0,0,0,0,1,0,0,0,0,1,0,0,0.03182800114154816,0,1
@52,0,1,2,3,4,5,7,8,9,10,11,12,13,15,16,17,19,20,21,23,24,25,27,28,29,31,32,33,34,35,36,37,39,40,41,43,44,45,47,48,49,51,52,53,55,56,57,58,60,61,62,63
K0,0.5193371176719666,-0.023957910016179085,0.854233980178833,0,-0.008018909953534603,0.999426007270813,0.03290512412786484,0,-0.8545320630073547,-0.023938879370689392,0.5188469290733337,0,0.007209999952465296,0.49082499742507935,0.01609399914741516,1,0.9987459182739258,0.046335313469171524,-0.01897590234875679,0,-0.040642689913511276,0.9715668559074402,0.23325033485889435,0,0.02924409508705139,-0.2321866750717163,0.9722320437431335,0,0,0.07960599660873413,0.0029090000316500664,1,0.9952400326728821,-0.09679994732141495,-0.011241973377764225,0,0.09740205854177475,0.9844620227813721,0.14610819518566132,0,-0.003075971733778715,-0.14650776982307434,0.989205002784729,0,0,0.0929350033402443,0,1,0.9952409863471985,-0.09678709506988525,-0.011281794868409634,0,0.09739390015602112,0.9844049215316772,0.14649316668510437,0,-0.0030727952253073454,-0.14689484238624573,0.9891470074653625,0,0,0.10621199756860733,0,1,0.8858398199081421,0.0252497848123312,-0.4633033275604248,0,-0.1893032044172287,0.9313010573387146,-0.31119391322135925,0,0.4236176609992981,0.3633731007575989,0.8297641277313232,0,0,0.11948800086975098,0,1,0.9014279842376709,-0.05816473439335823,-0.42900514602661133,0,0.05053126811981201,0.9982960224151611,-0.029172901064157486,0,0.429970920085907,0.0046190982684493065,0.9028310775756836,0,0,0.030191000550985336,0.005729000084102154,1,0.25916993618011475,-0.09444918483495712,-0.9612019658088684,0,0.8551420569419861,-0.44017282128334045,0.27382490038871765,0,-0.4489578604698181,-0.8929319977760315,-0.03331206366419792,0,0.024251999333500862,0.11364100128412247,0.0015780000248923898,1,0.946230947971344,0.020542534068226814,0.3228400945663452,0,-0.09458346664905548,0.9719399213790894,0.21537503600120544,0,-0.3093569278717041,-0.234329953789711,0.9216229915618896,0,0,0.08369699865579605,0,1,0.7378159165382385,0.6734260320663452,-0.046100012958049774,0,-0.6732779741287231,0.7293350100517273,-0.12151797115802765,0,-0.04821100831031799,0.12069603055715561,0.9915180206298828,0,0,0.15276600420475006,0,1,0.9808580875396729,0.03915121406316757,-0.19074882566928864,0,-0.08738978952169418,0.9638959169387817,-0.2515312135219574,0,0.17401418089866638,0.2633858025074005,0.9488660097122192,0,0,0.15560699999332428,0,1,0.7587499022483826,0.6482280492782593,-0.06402529776096344,0,-0.6009609699249268,0.7345461249351501,0.3151009976863861,0,0.25128671526908875,-0.20060604810714722,0.9468960762023926,0,-0.012005000375211239,0.017687000334262848,0.006289999932050705,1,0.9501829147338867,-0.2818690538406372,0.13304591178894043,0,0.27678394317626953,0.9593179821968079,0.05567014217376709,0,-0.1433250904083252,-0.01607186160981655,0.9895449876785278,0,-0.00020300000323913991,0.01782499998807907,0,1,0.9970120191574097,-0.0745299905538559,-0.020284278318285942,0,0.07382100820541382,0.9967020153999329,-0.03370906040072441,0,0.022729720920324326,0.03211094066500664,0.999225914478302,0,0.0004250000056345016,0.016036000102758408,0,1,0.9692109227180481,0.0802130326628685,-0.23279905319213867,0,-0.12521496415138245,0.9746360182762146,-0.18548701703548431,0,0.21201592683792114,0.2089260071516037,0.9546719789505005,0,-0.015014000236988068,0.06937500089406967,-0.00023400000645779073,1,0.9999510049819946,-0.009723628871142864,0.0016926595708355308,0,0.007451372221112251,0.8562037944793701,0.5165842175483704,0,-0.006472340784966946,-0.5165467858314514,0.8562352061271667,0,-0.000037000001611886546,0.009588000364601612,0,1,0.9999740123748779,0.0017741963965818286,0.007054077927023172,0,-0.005264803767204285,0.8457059264183044,0.5336229801177979,0,-0.005018921568989754,-0.5336459875106812,0.8456929922103882,0,-0.00003300000025774352,0.009341999888420105,0,1,0.986625075340271,0.06859470158815384,-0.14786870777606964,0,-0.06834730505943298,0.9976389408111572,0.006759920157492161,0,0.14798328280448914,0.0034369206987321377,0.9889838695526123,0,-0.00456599984318018,0.07043100148439407,-0.000750000006519258,1,0.9998459815979004,-0.01667821779847145,-0.005410317797213793,0,0.017155779525637627,0.8668230772018433,0.49832087755203247,0,-0.0036213176790624857,-0.4983370900154114,0.8669759631156921,0,0,0.01130400039255619,0,1,0.9998829960823059,-0.010930432938039303,-0.010688084177672863,0,0.015287567861378193,0.7149930000305176,0.6989648938179016,0,0.000001916602968776715,-0.6990460157394409,0.7150759696960449,0,0.000035000000934815034,0.011048000305891037,0,1,0.9955989122390747,0.002530802972614765,-0.09367714077234268,0,0.022158805280923843,0.9649289846420288,0.26157209277153015,0,0.09105385839939117,-0.2624969184398651,0.960627019405365,0,0.005927000194787979,0.07049799710512161,-0.001155999954789877,1,0.9998419880867004,-0.017340125516057014,-0.003971952013671398,0,0.016992872580885887,0.8649147152900696,0.5016315579414368,0,-0.005262951832264662,-0.5016194581985474,0.8650722503662109,0,0,0.009239999577403069,0,1,0.9994649887084961,-0.02994835563004017,-0.013155858032405376,0,0.03103964403271675,0.741424024105072,0.670318067073822,0,-0.010320858098566532,-0.670367956161499,0.7419570684432983,0,0.000009000000318337698,0.008469999767839909,0,1,0.9850819110870361,-0.08363819122314453,0.15039606392383575,0,0.045547809451818466,0.969499945640564,0.24082346260547638,0,-0.1659509539604187,-0.23038055002689362,0.9588460922241211,0,0.013652999885380268,0.06073300167918205,-0.00022699999681208283,1,0.9983819723129272,-0.051558855921030045,-0.023977311328053474,0,0.05289013683795929,0.6872268915176392,0.7245149612426758,0,-0.020877312868833542,-0.7246109247207642,0.6888419985771179,0,0.00004999999873689376,0.00865700002759695,0,1,0.9984089732170105,-0.05085112154483795,-0.024376558139920235,0,0.052796877920627594,0.6910409331321716,0.7208841443061829,0,-0.019812559708952904,-0.7210240364074707,0.6926260590553284,0,-0.000014999999621068127,0.007977000437676907,0,1,0.16218528151512146,0.10374800115823746,0.981290876865387,0,-0.8825399875640869,-0.42957472801208496,0.19128116965293884,0,0.44138309359550476,-0.8970519304275513,0.021891126409173012,0,-0.024251999333500862,0.11354199796915054,-0.0011470000026747584,1,0.6391549706459045,0.15175703167915344,-0.7539559602737427,0,0.07492203265428543,0.963388979434967,0.2574259638786316,0,0.7654191255569458,-0.22102300822734833,0.6043848991394043,0,0,0.08369699865579605,0,1,-0.3290230631828308,-0.9225370287895203,-0.20166629552841187,0,0.9391460418701172,-0.3419990539550781,0.03226166218519211,0,-0.09873229265213013,-0.17877934873104095,0.978922963142395,0,0,0.15240700542926788,0,1,0.9816700220108032,-0.14222094416618347,-0.12687203288078308,0,0.12023205310106277,0.978641927242279,-0.1667441725730896,0,0.14787697792053223,0.1484338343143463,0.9778040647506714,0,0,0.1556140035390854,0,1,0.7463427782058716,-0.6594882607460022,0.08970513939857483,0,0.6170687079429626,0.7361551523208618,0.27803200483322144,0,-0.24939583241939545,-0.15215298533439636,0.9563739895820618,0,0.011339999735355377,0.017806999385356903,0.006459000054746866,1,0.9486549496650696,0.2820572257041931,-0.1431712955236435,0,-0.27494874596595764,0.9590770602226257,0.06763320416212082,0,0.15638867020606995,-0.024795792996883392,0.987384021282196,0,0.0006210000137798488,0.017650999128818512,0,1,0.9941600561141968,0.10664674639701843,0.016508841887116432,0,-0.10438525676727295,0.9891219139099121,-0.10364025086164474,0,-0.02738216146826744,0.10131174325942993,0.9944780468940735,0,0.0008079999824985862,0.016551999375224113,0,1,0.9020890593528748,-0.2638169229030609,0.3415188491344452,0,0.33506110310554504,0.9269150495529175,-0.16900694370269775,0,-0.2719721496105194,0.2668890655040741,0.9245549440383911,0,0.01464099995791912,0.07246299833059311,0.00034500000765547156,1,0.9999009966850281,0.013654228299856186,-0.0032827730756253004,0,-0.011966770514845848,0.9507750272750854,0.30965086817741394,0,0.0073492275550961494,-0.3095811605453491,0.9508450031280518,0,-0.00004999999873689376,0.008921000175178051,0,1,0.9999120235443115,0.012595131061971188,0.004148890729993582,0,-0.013209868222475052,0.9186480641365051,0.3948558568954468,0,0.0011618913849815726,-0.3948761224746704,0.918734073638916,0,-0.000022000000171829015,0.00836899969726801,0,1,0.9908279776573181,-0.11614993214607239,0.06906424462795258,0,0.12266507744789124,0.9874900579452515,-0.09908302873373032,0,-0.05669175088405609,0.10664597898721695,0.992680013179779,0,0.005561999976634979,0.07470999658107758,-0.0013729999773204327,1,0.9999179840087891,0.010840926319360733,0.00675998767837882,0,-0.012726073153316975,0.8918448090553284,0.45216140151023865,0,-0.0011270121904090047,-0.45221060514450073,0.891910195350647,0,-0.00002099999983329326,0.009185000322759151,0,1,0.9999540448188782,0.0011985352030023932,0.009537018835544586,0,-0.006938464939594269,0.7766510248184204,0.6298931241035461,0,-0.006651981733739376,-0.6299299597740173,0.7766230702400208,0,0.00002700000004551839,0.009095000103116035,0,1,0.9864529371261597,0.10066401958465576,-0.12952731549739838,0,-0.08771897852420807,0.9909050464630127,0.10204673558473587,0,0.13862165808677673,-0.08930226415395737,0.9863110184669495,0,-0.006051999982446432,0.06717199832201004,-0.0009280000231228769,1,0.9999889135360718,0.004436923656612635,-0.0017117417883127928,0,-0.0032280755694955587,0.8975988626480103,0.4408012330532074,0,0.003492258256301284,-0.4407907724380493,0.8976030945777893,0,-0.000050999999075429514,0.010259999893605709,0,1,0.9994509816169739,0.029513118788599968,0.01503092609345913,0,-0.03292187675833702,0.8356629610061646,0.5482549667358398,0,0.0036199274472892284,-0.548448920249939,0.8361759781837463,0,-0.00005900000178371556,0.010266000404953957,0,1,0.8996677994728088,0.26558226346969604,-0.3465031087398529,0,-0.20913173258304596,0.9588650465011597,0.19194190204143524,0,0.38322585821151733,-0.10021909326314926,0.9182011485099792,0,-0.014151000417768955,0.05815799906849861,0.00025099999038502574,1,0.9995430111885071,0.02896297536790371,0.008632218465209007,0,-0.028357025235891342,0.8000080585479736,0.5993189811706543,0,0.010452218353748322,-0.5992900133132935,0.8004639148712158,0,-0.00005700000110664405,0.009421000257134438,0,1,0.9994540214538574,0.026811057701706886,0.019308891147375107,0,-0.0330379419028759,0.8038702011108398,0.5938867330551147,0,0.00040089100366458297,-0.5942002534866333,0.8043168187141418,0,-0.000007000000096013537,0.008631999604403973,0,1,-0.8732166886329651,-0.3104184567928314,0.37567710876464844,0,0.484432578086853,-0.6368761658668518,0.5997610688209534,0,0.053082894533872604,0.7057119011878967,0.7065080404281616,0,0.054579999297857285,-0.044266000390052795,-0.00036800000816583633,1,0.9822548627853394,-0.14627422392368317,0.11738423258066177,0,0.1467297524213791,0.20951612293720245,-0.9667329788208008,0,0.11681423336267471,0.9668019413948059,0.227261021733284,0,0,0.2833159863948822,0,1,0.9773860573768616,-0.08375651389360428,-0.1941695511341095,0,0.19522054493427277,0.004468047060072422,0.9807491898536682,0,-0.08127652853727341,-0.9964761137962341,0.020717989653348923,0,0,0.24336299300193787,0,1,0.9995219707489014,0.02589145116508007,-0.016895132139325142,0,-0.013298552483320236,0.8534049987792969,0.5210790634155273,0,0.02790987119078636,-0.5206050276756287,0.8533409833908081,0,0,0.08242200314998627,0,1,-0.8992109894752502,0.25957101583480835,-0.3521960973739624,0,-0.4035889804363251,-0.8029271960258484,0.43866193294525146,0,-0.16892389953136444,0.5365921258926392,0.8267609477043152,0,-0.054579999297857285,-0.044266000390052795,0.004178000148385763,1,0.9895990490913391,0.02800792083144188,0.14109855890274048,0,0.11131592839956284,0.47218087315559387,-0.8744451403617859,0,-0.09111545979976654,0.8810569047927856,0.46415218710899353,0,0,0.26787498593330383,0,1,0.9189640879631042,0.3334726393222809,0.21047627925872803,0,-0.21733134984970093,-0.01707605831325054,0.9759489297866821,0,0.3290462791919708,-0.9426049590110779,0.05678175389766693,0,0,0.22586800158023834,0,1,0.9994800090789795,-0.022373296320438385,0.023214641958475113,0,0.006829705089330673,0.8506160974502563,0.5257428288459778,0,-0.03150935843586922,-0.5253111124038696,0.8503268957138062,0,0,0.08159500360488892,0,1
K0.033,0.512402355670929,-0.034091588109731674,0.8580687642097473,0,0.022640720009803772,0.9994010329246521,0.02618672326207161,0,-0.8584470152854919,0.006009153556078672,0.5128669142723083,0,0.005745892878621817,0.4889320135116577,0.01822206936776638,1,0.9982029795646667,0.059894002974033356,-0.0019978873897343874,0,-0.05799953639507294,0.9739430546760559,0.2192506343126297,0,0.015077631920576096,-0.21874083578586578,0.9756669998168945,0,0,0.07960599660873413,0.0029090000316500664,1,0.9971691370010376,-0.07389027625322342,0.013970110565423965,0,0.0718737468123436,0.9911150932312012,0.11191639304161072,0,-0.022115496918559074,-0.11059536784887314,0.9936190843582153,0,0,0.0929350033402443,0,1,0.9970460534095764,-0.07588664442300797,0.011825395748019218,0,0.07408642768859863,0.9909021258354187,0.11235632747411728,0,-0.0202441718429327,-0.11114843189716339,0.9935981035232544,0,0,0.10621199756860733,0,1,0.8947722315788269,0.10988376289606094,-0.43279197812080383,0,-0.15810927748680115,0.9844194054603577,-0.07694247364997864,0,0.41759398579597473,0.1372743844985962,0.8982046246528625,0,0,0.11948800086975098,0,1,0.8929558992385864,-0.1523772031068802,-0.4235687851905823,0,0.17677997052669525,0.9840736389160156,0.018665999174118042,0,0.41397881507873535,-0.091546431183815,0.9056719541549683,0,0,0.030191000550985336,0.005729000084102154,1,0.2573780417442322,-0.11930250376462936,-0.9589177966117859,0,0.8223143219947815,-0.49413377046585083,0.2821899652481079,0,-0.5074997544288635,-0.8611614108085632,-0.029074935242533684,0,0.024251999333500862,0.11364100128412247,0.0015780000248923898,1,0.9618030190467834,-0.0797770544886589,0.2618585526943207,0,0.03016730397939682,0.9816550016403198,0.18826395273208618,0,-0.2720741629600525,-0.1731734573841095,0.9465662837028503,0,0,0.08369699865579605,0,1,0.6654806733131409,0.7284969091415405,-0.1625644415616989,0,-0.742660641670227,0.6680564284324646,-0.046438444405794144,0,0.07477197796106339,0.15163414180278778,0.9856048822402954,0,0,0.15276600420475006,0,1,0.984625518321991,-0.06822405755519867,0.16080738604068756,0,0.12074373662471771,0.9310617446899414,-0.34430354833602905,0,-0.12623178958892822,0.35842645168304443,0.9249846339225769,0,0,0.15560699999332428,0,1,0.7801222205162048,0.6212016344070435,-0.07428210973739624,0,-0.5729967951774597,0.7571073174476624,0.31378763914108276,0,0.251164972782135,-0.2022293210029602,0.9465829133987427,0,-0.012005000375211239,0.017687000334262848,0.006289999932050705,1,0.9395679235458374,-0.3161780834197998,0.13131305575370789,0,0.31091952323913574,0.9485828876495361,0.059332188218832016,0,-0.14332085847854614,-0.014918829314410686,0.989564061164856,0,-0.00020300000323913991,0.01782499998807907,0,1,0.9937130212783813,-0.11032737046480179,-0.019016876816749573,0,0.10962535440921783,0.9933679699897766,-0.03468190133571625,0,0.02271711267530918,0.032379113137722015,0.9992169737815857,0,0.0004250000056345016,0.016036000102758408,0,1,0.9692118763923645,0.07989794760942459,-0.2329062968492508,0,-0.11064089089632034,0.9863370656967163,-0.12205836921930313,0,0.21997180581092834,0.14406931400299072,0.9648091197013855,0,-0.015014000236988068,0.06937500089406967,-0.00023400000645779073,1,0.9999469518661499,-0.010239279828965664,0.0013090514112263918,0,0.007649728562682867,0.8201898336410522,0.5720403790473938,0,-0.006930949632078409,-0.5719998478889465,0.8202244639396667,0,-0.000037000001611886546,0.009588000364601612,0,1,0.9999729990959167,0.0009586315718479455,0.007250949274748564,0,-0.005041357595473528,0.8085925579071045,0.5883476734161377,0,-0.005299055483192205,-0.5883684158325195,0.8085756301879883,0,-0.00003300000025774352,0.009341999888420105,0,1,0.9868689775466919,0.06726499646902084,-0.14685185253620148,0,-0.057172875851392746,0.9957720041275024,0.07189871370792389,0,0.15106718242168427,-0.06255864351987839,0.9865419268608093,0,-0.00456599984318018,0.07043100148439407,-0.000750000006519258,1,0.9998279809951782,-0.017470136284828186,-0.006147686392068863,0,0.017946882173419,0.8319807052612305,0.554514467716217,0,-0.004572688136249781,-0.5545297265052795,0.8321515321731567,0,0,0.01130400039255619,0,1,0.9998660087585449,-0.011522118002176285,-0.01159006729722023,0,0.01632089912891388,0.66722571849823,0.7446771860122681,0,-0.0008470669854432344,-0.7447665929794312,0.6673243641853333,0,0.000035000000934815034,0.011048000305891037,0,1,0.9956240057945251,0.0002938407415058464,-0.09345202147960663,0,0.030156943947076797,0.9454867839813232,0.32426050305366516,0,0.08845295011997223,-0.3256598114967346,0.9413406848907471,0,0.005927000194787979,0.07049799710512161,-0.001155999954789877,1,0.9998059868812561,-0.019089912995696068,-0.004832051228731871,0,0.018540117889642715,0.8298525214195251,0.5576736927032471,0,-0.006636056583374739,-0.5576553344726562,0.8300458192825317,0,0,0.009239999577403069,0,1,0.9994080066680908,-0.0309996847063303,-0.014894925057888031,0,0.032270342111587524,0.6954614520072937,0.7178384065628052,0,-0.011893924325704575,-0.7178944945335388,0.6960504651069641,0,0.000009000000318337698,0.008469999767839909,0,1,0.984827995300293,-0.08811713010072708,0.1494990736246109,0,0.03898484632372856,0.9518107175827026,0.3041989207267761,0,-0.16909992694854736,-0.2937554121017456,0.9408049583435059,0,0.013652999885380268,0.06073300167918205,-0.00022699999681208283,1,0.9981330037117004,-0.05458042025566101,-0.027417873963713646,0,0.055974651128053665,0.6377148032188416,0.7682362794876099,0,-0.024445874616503716,-0.7683366537094116,0.6395792961120605,0,0.00004999999873689376,0.00865700002759695,0,1,0.9981610774993896,-0.05383462831377983,-0.027854226529598236,0,0.055956438183784485,0.6417607069015503,0.764860212802887,0,-0.023300226777791977,-0.7650126814842224,0.6435931921005249,0,-0.000014999999621068127,0.007977000437676907,0,1,0.1308615505695343,0.11263568699359894,0.9849810600280762,0,-0.881550669670105,-0.4413408041000366,0.16758881509304047,0,0.4535893499851227,-0.8902426958084106,0.04153956472873688,0,-0.024251999333500862,0.11354199796915054,-0.0011470000026747584,1,0.7056800127029419,0.03894265368580818,-0.7074600458145142,0,0.10551697760820389,0.9815783500671387,0.15928317606449127,0,0.7006297707557678,-0.18705184757709503,0.688570499420166,0,0,0.08369699865579605,0,1,-0.3106743395328522,-0.936699628829956,-0.16148065030574799,0,0.9419185519218445,-0.32618704438209534,0.07994364947080612,0,-0.12755611538887024,-0.12726521492004395,0.9836329221725464,0,0,0.15240700542926788,0,1,0.9893267154693604,-0.008419801481068134,0.1454707682132721,0,0.03428727388381958,0.9837489724159241,-0.17624399065971375,0,-0.14162278175354004,0.17935065925121307,0.973537802696228,0,0,0.1556140035390854,0,1,0.7561600208282471,-0.6476519107818604,0.09364550560712814,0,0.6050779819488525,0.7464830875396729,0.2768459916114807,0,-0.24920451641082764,-0.15267696976661682,0.9563401341438293,0,0.011339999735355377,0.017806999385356903,0.006459000054746866,1,0.9441059231758118,0.2972301244735718,-0.14253903925418854,0,-0.29007115960121155,0.9545069932937622,0.06910603493452072,0,0.15659497678279877,-0.023896969854831696,0.9873740077018738,0,0.0006210000137798488,0.017650999128818512,0,1,0.9923770427703857,0.12233671545982361,0.014910034835338593,0,-0.12013757228851318,0.9872568845748901,-0.10435891151428223,0,-0.027486950159072876,0.10177209228277206,0.9944279193878174,0,0.0008079999824985862,0.016551999375224113,0,1,0.9019739031791687,-0.2652961313724518,0.34067821502685547,0,0.30537161231040955,0.9497361779212952,-0.06890926510095596,0,-0.30527305603027344,0.1661878228187561,0.9376511573791504,0,0.01464099995791912,0.07246299833059311,0.00034500000765547156,1,0.9999129772186279,0.01270785927772522,-0.0035773327108472586,0,-0.01013011485338211,0.9123196005821228,0.4093538820743561,0,0.008465679362416267,-0.409281849861145,0.9123685956001282,0,-0.00004999999873689376,0.008921000175178051,0,1,0.9999279975891113,0.01077995914965868,0.005270232446491718,0,-0.011979011818766594,0.8712804317474365,0.49063897132873535,0,0.0006972177070565522,-0.49066662788391113,0.8713465929031372,0,-0.000022000000171829015,0.00836899969726801,0,1,0.9911429286003113,-0.11445290595293045,0.06735306233167648,0,0.1142219826579094,0.9934290647506714,0.0072828494012355804,0,-0.06774401664733887,0.00047485559480264783,0.997702956199646,0,0.005561999976634979,0.07470999658107758,-0.0013729999773204327,1,0.9999009966850281,0.01177685335278511,0.0076881349086761475,0,-0.014064162969589233,0.8384785652160645,0.5447526574134827,0,-0.00003086342985625379,-0.544806957244873,0.8385613560676575,0,-0.00002099999983329326,0.009185000322759151,0,1,0.9999420046806335,0.001928732031956315,0.01062809582799673,0,-0.008897291496396065,0.7049890160560608,0.7091618776321411,0,-0.006124909035861492,-0.709215521812439,0.7049654722213745,0,0.00002700000004551839,0.009095000103116035,0,1,0.9860640168190002,0.1022028923034668,-0.13127398490905762,0,-0.07357996702194214,0.9756007790565491,0.2068549245595932,0,0.14921215176582336,-0.19431303441524506,0.9695247411727905,0,-0.006051999982446432,0.06717199832201004,-0.0009280000231228769,1,0.9999790191650391,0.00605677580460906,-0.0023600345011800528,0,-0.003860244993120432,0.8454313278198242,0.5340700745582581,0,0.005229988135397434,-0.5340495109558105,0.8454366326332092,0,-0.000050999999075429514,0.010259999893605709,0,1,0.9994239807128906,0.029191475361585617,0.017327889800071716,0,-0.033556532114744186,0.7723382115364075,0.6343249082565308,0,0.005133884027600288,-0.6345406174659729,0.7728724479675293,0,-0.00005900000178371556,0.010266000404953957,0,1,0.898460865020752,0.2689162492752075,-0.3470621109008789,0,-0.16992343962192535,0.9418537020683289,0.2898910939693451,0,0.40483811497688293,-0.20148178935050964,0.8919138312339783,0,-0.014151000417768955,0.05815799906849861,0.00025099999038502574,1,0.999439001083374,0.031652260571718216,0.01092810183763504,0,-0.03061278536915779,0.7314124703407288,0.6812485456466675,0,0.013570110313594341,-0.6812009811401367,0.7319711446762085,0,-0.00005700000110664405,0.009421000257134438,0,1,0.9993410110473633,0.028392905369400978,0.022625042125582695,0,-0.03621513769030571,0.7358111143112183,0.6762179136276245,0,0.0025520322378724813,-0.6765915751457214,0.736354410648346,0,-0.000007000000096013537,0.008631999604403973,0,1,-0.8653650283813477,-0.3346899449825287,0.37299609184265137,0,0.49866122007369995,-0.6490449905395508,0.5745238065719604,0,0.04980389028787613,0.6831713914871216,0.7285575866699219,0,0.054579999297857285,-0.044266000390052795,-0.00036800000816583633,1,0.9814000725746155,-0.1503363698720932,0.11938954144716263,0,0.14749875664710999,0.1924208551645279,-0.9701640605926514,0,0.12287792563438416,0.9697290062904358,0.21101628243923187,0,0,0.2833159863948822,0,1,0.9773979783058167,-0.0811416283249855,-0.19521404802799225,0,0.1947302371263504,-0.01391150988638401,0.980758011341095,0,-0.08229601383209229,-0.9966050386428833,0.0022036440204828978,0,0,0.24336299300193787,0,1,0.9995219707489014,0.02589193917810917,-0.016894996166229248,0,-0.0132990637794137,0.8534051775932312,0.5210778117179871,0,0.027910001575946808,-0.5206041932106018,0.853341817855835,0,0,0.08242200314998627,0,1,-0.8970959186553955,0.26429206132888794,-0.35407498478889465,0,-0.40312623977661133,-0.8176223635673523,0.41107621788978577,0,-0.18085533380508423,0.5115113854408264,0.8400282263755798,0,-0.054579999297857285,-0.044266000390052795,0.004178000148385763,1,0.987571120262146,0.04707680270075798,0.1499578356742859,0,0.11099377274513245,0.4666331708431244,-0.877458930015564,0,-0.11128320544958115,0.883197009563446,0.45560798048973083,0,0,0.26787498593330383,0,1,0.9220249056816101,0.3248601257801056,0.21056002378463745,0,-0.21402186155319214,-0.025480223819613457,0.9764959216117859,0,0.32259005308151245,-0.9454189538955688,0.046033818274736404,0,0,0.22586800158023834,0,1,0.9994800090789795,-0.022372791543602943,0.023214783519506454,0,0.006829202175140381,0.8506160974502563,0.525742769241333,0,-0.03150921314954758,-0.5253111124038696,0.8503268957138062,0,0,0.08159500360488892,0,1
