1.600,30,47,65
B0,mixamorig_Hips,-1,0.8394306898117065,-0.531782865524292,0.11208296567201614,0,-0.10407650470733643,0.045120805501937866,0.9935449361801147,0,-0.5334078669548035,-0.84567791223526,-0.01747032068669796,0,-0.039102133363485336,0.48995083570480347,0.435636043548584,1
B1,mixamorig_Spine,0,0.9982134699821472,-0.011618620716035366,-0.0586138553917408,0,0.01745343580842018,0.994830310344696,0.10003947466611862,0,0.05714848265051842,-0.10088370740413666,0.9932551980018616,0,0,0.07960599660873413,0.0029090000316500664,1
B2,mixamorig_Spine1,1,0.9927636981010437,-0.10910332947969437,-0.05016445741057396,0,0.1155121847987175,0.9818170070648193,0.15064026415348053,0,0.032816968858242035,-0.15534481406211853,0.9873151779174805,0,0,0.0929350033402443,0,1
B3,mixamorig_Spine2,2,0.9927554130554199,-0.10909856855869293,-0.05034133419394493,0,0.1155332624912262,0.9818221926689148,0.15058939158916473,0,0.03299715742468834,-0.1553145796060562,0.9873140454292297,0,0,0.10621199756860733,0,1
B4,mixamorig_Neck,3,0.9340624809265137,-0.07322601228952408,-0.3495212495326996,0,-0.04689646139740944,0.9451225996017456,-0.3233330547809601,0,0.35401681065559387,0.3184046149253845,0.8793695569038391,0,0,0.11948800086975098,0,1
B5,mixamorig_Head,4,0.9882333278656006,0.007048182189464569,-0.1527898609638214,0,-0.047175005078315735,0.9642824530601501,-0.2606421113014221,0,0.14549551904201508,0.2647830843925476,0.9532685875892639,0,0,0.030191000550985336,0.005729000084102154,1
B6,mixamorig_HeadTop_End,5,1,0,0,0,0,1,0,0,0,0,1,0,0,0.16785000264644623,0.03185199946165085,1
B7,mixamorig_LeftShoulder,3,0.5815184116363525,0.06738516688346863,-0.8107381463050842,0,0.7568551898002625,-0.4102734625339508,0.5087696313858032,0,-0.2983406186103821,-0.9094698429107666,-0.2895822823047638,0,0.024251999333500862,0.11364100128412247,0.0015780000248923898,1
B8,mixamorig_LeftArm,7,0.9767884612083435,-0.04983771592378616,0.20832782983779907,0,0.1491582691669464,0.8562749028205872,-0.4945152997970581,0,-0.15374034643173218,0.5141105651855469,0.8438329100608826,0,0,0.08369699865579605,0,1
B9,mixamorig_LeftForeArm,8,0.020876053720712662,0.9901480674743652,-0.1384594887495041,0,-0.9636258482933044,-0.01697971485555172,-0.2667143642902374,0,-0.2664377689361572,0.13899113237857819,0.9537779688835144,0,0,0.15276600420475006,0,1
B10,mixamorig_LeftHand,9,0.9800230860710144,-0.1923198252916336,0.05067051947116852,0,0.16947287321090698,0.9408772587776184,0.29330670833587646,0,-0.10408347100019455,-0.2788601815700531,0.9546747803688049,0,0,0.15560699999332428,0,1
B11,mixamorig_LeftHandThumb1,10,0.5021056532859802,0.7289425134658813,-0.4653308391571045,0,-0.22183389961719513,0.6286338567733765,0.7453920841217041,0,0.8358707427978516,-0.2710394859313965,0.4773447811603546,0,-0.012005000375211239,0.017687000334262848,0.006289999932050705,1
B12,mixamorig_LeftHandThumb2,11,0.8798880577087402,-0.47408783435821533,0.032208047807216644,0,0.47438618540763855,0.8724789023399353,-0.11721010506153107,0,0.02746705338358879,0.11841088533401489,0.9925849437713623,0,-0.00020300000323913991,0.01782499998807907,0,1
B13,mixamorig_LeftHandThumb3,12,0.6903983950614929,-0.7140666246414185,0.11600988358259201,0,0.7182220816612244,0.6573534607887268,-0.22812901437282562,0,0.0866398811340332,0.2408209890127182,0.9666950106620789,0,0.0004250000056345016,0.016036000102758408,0,1
B14,mixamorig_LeftHandThumb4,13,1,0,0,0,0,1,0,0,0,0,1,0,-0.00022200000239536166,0.013601000420749187,0,1
B15,mixamorig_LeftHandIndex1,10,0.9921035170555115,0.0064109815284609795,-0.12525799870491028,0,0.10541042685508728,0.49856552481651306,0.8604188561439514,0,0.06796544790267944,-0.8668280243873596,0.49395281076431274,0,-0.015014000236988068,0.06937500089406967,-0.00023400000645779073,1
B16,mixamorig_LeftHandIndex2,15,0.9784559607505798,-0.14144101738929749,-0.15039345622062683,0,0.15216995775699615,0.0017660792218521237,0.9883529543876648,0,-0.13952802121639252,-0.9899449348449707,0.023251105099916458,0,-0.000037000001611886546,0.009588000364601612,0,1
B17,mixamorig_LeftHandIndex3,16,0.9900140166282654,-0.1374104768037796,-0.03147013112902641,0,0.12366664409637451,0.7394306063652039,0.6617770195007324,0,-0.06766513735055923,-0.6590604782104492,0.7490399479866028,0,-0.00003300000025774352,0.009341999888420105,0,1
B18,mixamorig_LeftHandIndex4,17,1,0,0,0,0,1,0,0,0,0,1,0,0.00007000000186963007,0.007697000168263912,0,1
B19,mixamorig_LeftHandMiddle1,10,0.9990270733833313,-0.02542717382311821,0.03603969141840935,0,-0.02003672532737255,0.46629056334495544,0.8844049572944641,0,-0.03929285705089569,-0.8842659592628479,0.46532708406448364,0,-0.00456599984318018,0.07043100148439407,-0.000750000006519258,1
B20,mixamorig_LeftHandMiddle2,19,0.9703329801559448,-0.18201127648353577,-0.1591387540102005,0,0.17088381946086884,0.05067683011293411,0.9839869141578674,0,-0.17103219032287598,-0.981989860534668,0.0802762433886528,0,0,0.01130400039255619,0,1
B21,mixamorig_LeftHandMiddle3,20,0.9950649738311768,-0.09216965734958649,-0.036754246801137924,0,0.09557076543569565,0.7905945777893066,0.6048358678817749,0,-0.02668980322778225,-0.6053634881973267,0.7955015301704407,0,0.000035000000934815034,0.011048000305891037,0,1
B22,mixamorig_LeftHandMiddle4,21,1,0,0,0,0,1,0,0,0,0,1,0,-0.000035000000934815034,0.00976799987256527,0,1
B23,mixamorig_LeftHandRing1,10,0.9790499806404114,-0.12932857871055603,0.1572735458612442,0,-0.07574313133955002,0.48564693331718445,0.8708670735359192,0,-0.1890074461698532,-0.8645349740982056,0.4656769633293152,0,0.005927000194787979,0.07049799710512161,-0.001155999954789877,1
B24,mixamorig_LeftHandRing2,23,0.96949702501297,-0.1863294541835785,-0.1592373549938202,0,0.22140362858772278,0.3870563507080078,0.8950799107551575,0,-0.10514591634273529,-0.9030329585075378,0.4165039360523224,0,9.999999974752427e-7,0.009239999577403069,0,1
B25,mixamorig_LeftHandRing3,24,0.9728059768676758,-0.193486750125885,-0.1273200958967209,0,0.18684524297714233,0.33070021867752075,0.9250548481941223,0,-0.13688108325004578,-0.9236879944801331,0.3578592538833618,0,0.000009000000318337698,0.008469999767839909,0,1
B26,mixamorig_LeftHandRing4,25,1,0,0,0,0,1,0,0,0,0,1,0,-0.000009999999747378752,0.0076049999333918095,0,1
B27,mixamorig_LeftHandPinky1,10,0.9145459532737732,-0.24051539599895477,0.3252049386501312,0,-0.12157140672206879,0.6033797264099121,0.7881329655647278,0,-0.38578000664711,-0.7603190541267395,0.5225784182548523,0,0.013652999885380268,0.06073300167918205,-0.00022699999681208283,1
B28,mixamorig_LeftHandPinky2,27,0.9547715187072754,-0.21372848749160767,-0.20671604573726654,0,0.22983194887638092,0.08938989788293839,0.9691159725189209,0,-0.1886494904756546,-0.9727949500083923,0.1344686597585678,0,0.00004999999873689376,0.00865700002759695,0,1
B29,mixamorig_LeftHandPinky3,28,0.9721949696540833,-0.20815730094909668,-0.10727420449256897,0,0.20098824799060822,0.5066391229629517,0.8384039998054504,0,-0.12017054110765457,-0.8366525769233704,0.5343888998031616,0,-0.000014999999621068127,0.007977000437676907,0,1
B30,mixamorig_LeftHandPinky4,29,1,0,0,0,0,1,0,0,0,0,1,0,-0.000035000000934815034,0.0071020000614225864,0,1
B31,mixamorig_RightShoulder,3,0.5071072578430176,-0.20747044682502747,0.8365392684936523,0,-0.8110902309417725,0.21339644491672516,0.5446045994758606,0,-0.29150402545928955,-0.9546823501586914,-0.06006239727139473,0,-0.024251999333500862,0.11354199796915054,-0.0011470000026747584,1
B32,mixamorig_RightArm,31,0.5073854923248291,-0.7119902968406677,-0.4854174256324768,0,0.23797577619552612,0.6571803689002991,-0.7151795029640198,0,0.8282076120376587,0.24735410511493683,0.5028801560401917,0,0,0.08369699865579605,0,1
B33,mixamorig_RightForeArm,32,0.8326252698898315,-0.46816450357437134,-0.2958999276161194,0,0.5084843635559082,0.8579363822937012,0.07340845465660095,0,0.21949607133865356,-0.211582213640213,0.9523938894271851,0,0,0.15240700542926788,0,1
B34,mixamorig_RightHand,33,0.653343677520752,-0.506613552570343,0.562569260597229,0,0.7565047740936279,0.46537283062934875,-0.45948731899261475,0,-0.02902192436158657,0.7257896661758423,0.6873041391372681,0,0,0.1556140035390854,0,1
B35,mixamorig_RightHandThumb1,34,0.7444669604301453,-0.3721543252468109,-0.5543192625045776,0,0.5916180610656738,0.7525066137313843,0.2893485724925995,0,0.3094463348388672,-0.5433553457260132,0.7803888916969299,0,0.011339999735355377,0.017806999385356903,0.006459000054746866,1
B36,mixamorig_RightHandThumb2,35,0.864438533782959,0.4925268292427063,-0.10081053525209427,0,-0.5014554262161255,0.859035313129425,-0.10296032577753067,0,0.03588911518454552,0.139554962515831,0.9895642399787903,0,0.0006210000137798488,0.017650999128818512,0,1
B37,mixamorig_RightHandThumb3,36,0.9173060655593872,-0.3981618583202362,-0.004075266886502504,0,0.39796990156173706,0.9164333343505859,0.04206109419465065,0,-0.013012416660785675,-0.0402047373354435,0.9991064667701721,0,0.0008079999824985862,0.016551999375224113,0,1
B38,mixamorig_RightHandThumb4,37,1,0,0,0,0,1,0,0,0,0,1,0,-0.001429000054486096,0.013016999699175358,0,1
B39,mixamorig_RightHandIndex1,34,0.992370069026947,-0.12325862050056458,-0.002954436931759119,0,0.12030613422393799,0.9627997279167175,0.24195747077465057,0,-0.026978805661201477,-0.24046672880649567,0.9702821373939514,0,0.01464099995791912,0.07246299833059311,0.00034500000765547156,1
B40,mixamorig_RightHandIndex2,39,0.9997549653053284,0.022116512060165405,0.0009303982951678336,0,-0.02196747623383999,0.9860859513282776,0.16477978229522705,0,0.0027269001584500074,-0.1647597998380661,0.986329972743988,0,-0.00004999999873689376,0.008921000175178051,0,1
B41,mixamorig_RightHandIndex3,40,0.9975195527076721,0.07030131667852402,0.003415228333324194,0,-0.07026469707489014,0.9918254017829895,0.10651528090238571,0,0.004100856836885214,-0.1064911037683487,0.9943055510520935,0,-0.000022000000171829015,0.00836899969726801,0,1
B42,mixamorig_RightHandIndex4,41,1,0,0,0,0,1,0,0,0,0,1,0,0.00007200000254670158,0.007528000045567751,0,1
B43,mixamorig_RightHandMiddle1,34,0.9992613792419434,0.037659864872694016,0.007672722917050123,0,-0.03820575401186943,0.9950454235076904,0.09178736805915833,0,-0.0041780052706599236,-0.0920126661658287,0.9957486987113953,0,0.005561999976634979,0.07470999658107758,-0.0013729999773204327,1
B44,mixamorig_RightHandMiddle2,43,0.998272180557251,0.05588293448090553,0.018148794770240784,0,-0.058743055909872055,0.9557587504386902,0.2882259488105774,0,-0.0012389593757689,-0.28879398107528687,0.9573899507522583,0,-0.00002099999983329326,0.009185000322759151,0,1
B45,mixamorig_RightHandMiddle3,44,0.9997054934501648,-0.024201974272727966,0.001838135882280767,0,0.024268561974167824,0.9979193210601807,-0.05973333120346069,0,-0.0003886468184646219,0.05976035073399544,0.9982128143310547,0,0.00002700000004551839,0.009095000103116035,0,1
B46,mixamorig_RightHandMiddle4,45,1,0,0,0,0,1,0,0,0,0,1,0,-0.000007000000096013537,0.007675000000745058,0,1
B47,mixamorig_RightHandRing1,34,0.9874224662780762,0.15591929852962494,0.02618682198226452,0,-0.15727491676807404,0.9856138825416565,0.06188514456152916,0,-0.016161013394594193,-0.06522534042596817,0.9977399110794067,0,-0.006051999982446432,0.06717199832201004,-0.0009280000231228769,1
B48,mixamorig_RightHandRing2,47,0.9998801946640015,0.010494404472410679,0.011346608400344849,0,-0.011826642788946629,0.9921417236328125,0.12455613166093826,0,-0.009950312785804272,-0.12467554956674576,0.9921481609344482,0,-0.000050999999075429514,0.010259999893605709,0,1
B49,mixamorig_RightHandRing3,48,0.998347818851471,0.0559401698410511,0.013124687597155571,0,-0.05717562511563301,0.9898237586021423,0.13030797243118286,0,-0.005701675545424223,-0.13084304332733154,0.9913865327835083,0,-0.00005900000178371556,0.010266000404953957,0,1
B50,mixamorig_RightHandRing4,49,1,0,0,0,0,1,0,0,0,0,1,0,0.00011000000085914508,0.008937000297009945,0,1
B51,mixamorig_RightHandPinky1,34,0.9603601694107056,0.2769259214401245,0.031937696039676666,0,-0.2768491506576538,0.9608890414237976,-0.0068948050029575825,0,-0.03259792551398277,-0.002220428315922618,0.9994659423828125,0,-0.014151000417768955,0.05815799906849861,0.00025099999038502574,1
B52,mixamorig_RightHandPinky2,51,0.9987367987632751,0.013385041616857052,0.04843871667981148,0,-0.01847197487950325,0.9941791296005249,0.10614468902349472,0,-0.04673599451780319,-0.10690534859895706,0.9931703209877014,0,-0.00005700000110664405,0.009421000257134438,0,1
B53,mixamorig_RightHandPinky3,52,0.9962124824523926,0.013881432823836803,0.08583838492631912,0,-0.010836344212293625,0.9992988109588623,-0.03583941608667374,0,-0.08627571165561676,0.03477350249886513,0.9956644773483276,0,-0.000007000000096013537,0.008631999604403973,0,1
B54,mixamorig_RightHandPinky4,53,1,0,0,0,0,1,0,0,0,0,1,0,0.00006500000017695129,0.007710000034421682,0,1
B55,mixamorig_LeftUpLeg,0,-0.8082885146141052,0.03236820548772812,0.5878956317901611,0,0.5845829248428345,-0.07497663795948029,0.8078620433807373,0,0.07022750377655029,0.9966594576835632,0.04168090596795082,0,0.054579999297857285,-0.044266000390052795,-0.00036800000816583633,1
B56,mixamorig_LeftLeg,55,0.999788761138916,0.009648378007113934,0.018146540969610214,0,0.011966652236878872,0.44455358386039734,-0.8956719636917114,0,-0.016708897426724434,0.8957002758979797,0.4443443715572357,0,0,0.2833159863948822,0,1
B57,mixamorig_LeftFoot,56,0.9859300255775452,-0.05403546243906021,-0.15818148851394653,0,0.1380470097064972,-0.27039310336112976,0.9528012275695801,0,-0.09425631165504456,-0.9612326622009277,-0.25912946462631226,0,0,0.24336299300193787,0,1
B58,mixamorig_LeftToeBase,57,0.9997650980949402,-0.020631620660424232,-0.006657649762928486,0,0.019777150824666023,0.7421882152557373,0.6698997616767883,0,-0.00887988694012165,-0.6698738932609558,0.7424216866493225,0,0,0.08242200314998627,0,1
B59,mixamorig_LeftToe_End,58,1,0,0,0,0,1,0,0,0,0,1,0,0,0.032836999744176865,0,1
B60,mixamorig_RightUpLeg,0,-0.7477365732192993,-0.2912902534008026,-0.5966907143592834,0,-0.21038518846035004,-0.7484015822410583,0.6289938688278198,0,-0.629784345626831,0.5958569049835205,0.49832436442375183,0,-0.054579999297857285,-0.044266000390052795,0.004178000148385763,1
B61,mixamorig_RightLeg,60,0.9895578026771545,0.12740446627140045,0.06740404665470123,0,0.024032488465309143,0.31525471806526184,-0.9487026929855347,0,-0.142118439078331,0.9404162764549255,0.30890101194381714,0,0,0.26787498593330383,0,1
B62,mixamorig_RightFoot,61,0.8576605916023254,0.47420191764831543,-0.19887462258338928,0,-0.31547126173973083,0.7906455397605896,0.5247445106506348,0,0.4060743451118469,-0.3873136341571808,0.8277029991149902,0,0,0.22586800158023834,0,1
B63,mixamorig_RightToeBase,62,0.9860836267471313,0.12984754145145416,-0.10382305085659027,0,-0.05091485008597374,0.8303502202033997,0.5549117922782898,0,0.15826334059238434,-0.541903018951416,0.8254054188728333,0,0,0.08159500360488892,0,1
B64,mixamorig_RightToe_End,63,1,0,0,0,0,1,0,0,0,0,1,0,0,0.03182800114154816,0,1
@52,0,1,2,3,4,5,7,8,9,10,11,12,13,15,16,17,19,20,21,23,24,25,27,28,29,31,32,33,34,35,36,37,39,40,41,43,44,45,47,48,49,51,52,53,55,56,57,58,60,61,62,63
K0,0.4651481509208679,-0.03828909248113632,0.8844049572944641,0,-0.04951408877968788,0.9963750243186951,0.06917836517095566,0,-0.8838471174240112,-0.07596863061189651,0.4615657925605774,0,0.013364000245928764,0.506667971611023,0.010336999781429768,1,0.9997349977493286,-0.00555578526109457,-0.02234385348856449,0,0.011945214122533798,0.9547838568687439,0.29706043004989624,0,0.019683144986629486,-0.29724857211112976,0.9545971155166626,0,0,0.07960599660873413,0.0029090000316500664,1,0.9987549781799316,-0.04811308905482292,-0.013157996349036694,0,0.04920491203665733,0.9935920238494873,0.1017535924911499,0,0.008178004994988441,-0.10227440297603607,0.9947229623794556,0,0,0.0929350033402443,0,1,0.9986940026283264,-0.04896397888660431,-0.014565831050276756,0,0.05019402131438255,0.9935579895973206,0.10160179436206818,0,0.009497169405221939,-0.1022002100944519,0.9947179555892944,0,0,0.10621199756860733,0,1,0.9975450038909912,0.06253977864980698,-0.031499989330768585,0,-0.06535022705793381,0.9930450320243835,-0.09793595224618912,0,0.025156011804938316,0.09975405037403107,0.9946939945220947,0,0,0.11948800086975098,0,1,0.5754401087760925,-0.23994800448417664,-0.7818529605865479,0,-0.024194985628128052,0.9505800008773804,-0.3095371127128601,0,0.817486047744751,0.19703684747219086,0.5411959290504456,0,0,0.030191000550985336,0.005729000084102154,1,0.12288045883178711,0.03165581822395325,-0.9919161200523376,0,0.7989891767501831,-0.5960060954093933,0.07995952665805817,0,-0.5886566042900085,-0.8023553490638733,-0.09853022545576096,0,0.024251999333500862,0.11364100128412247,0.0015780000248923898,1,0.7633941769599915,-0.14472302794456482,0.629511833190918,0,-0.07232705503702164,0.9492960572242737,0.3059498965740204,0,-0.6418710947036743,-0.27909111976623535,0.7142197489738464,0,0,0.08369699865579605,0,1,0.694905161857605,0.7167229056358337,-0.058435872197151184,0,-0.7170171141624451,0.6844168901443481,-0.13213808834552765,0,-0.054711878299713135,0.13372290134429932,0.9895070195198059,0,0,0.15276600420475006,0,1,0.9312941431999207,-0.06286295503377914,0.358804851770401,0,0.057360049337148666,0.9980159997940063,0.025972776114940643,0,-0.3597252070903778,-0.0036072246730327606,0.9330509305000305,0,0,0.15560699999332428,0,1,0.5021058917045593,0.72894287109375,-0.46533018350601196,0,-0.22183507680892944,0.6286338567733765,0.7453920841217041,0,0.8358697891235352,-0.2710389494895935,0.47734537720680237,0,-0.012005000375211239,0.017687000334262848,0.006289999932050705,1,0.8798878192901611,-0.4740872085094452,0.03220801427960396,0,0.4743857681751251,0.8724790811538696,-0.11721009761095047,0,0.027467016130685806,0.11841088533401489,0.9925849437713623,0,-0.00020300000323913991,0.01782499998807907,0,1,0.6903988122940063,-0.714066207408905,0.11600898951292038,0,0.7182218432426453,0.6573542356491089,-0.2281300127506256,0,0.08664098381996155,0.2408210039138794,0.9666950702667236,0,0.0004250000056345016,0.016036000102758408,0,1,0.9921039938926697,0.006410557776689529,-0.1252579540014267,0,0.10541056096553802,0.4985659122467041,0.8604190349578857,0,0.0679650530219078,-0.8668279647827148,0.49395307898521423,0,-0.015014000236988068,0.06937500089406967,-0.00023400000645779073,1,0.9784560203552246,-0.1414407640695572,-0.1503937542438507,0,0.15217022597789764,0.0017659126315265894,0.9883530139923096,0,-0.13952776789665222,-0.9899450540542603,0.023250935599207878,0,-0.000037000001611886546,0.009588000364601612,0,1,0.9900140166282654,-0.13741107285022736,-0.03146975487470627,0,0.123666912317276,0.7394309639930725,0.6617770195007324,0,-0.06766576319932938,-0.6590601205825806,0.7490400671958923,0,-0.00003300000025774352,0.009341999888420105,0,1,0.9990270137786865,-0.025428391993045807,0.03603994846343994,0,-0.02003639191389084,0.4662902057170868,0.8844048976898193,0,-0.0392940528690815,-0.8842661380767822,0.46532681584358215,0,-0.00456599984318018,0.07043100148439407,-0.000750000006519258,1,0.9703329801559448,-0.18201054632663727,-0.15913942456245422,0,0.17088444530963898,0.05067669227719307,0.9839869737625122,0,-0.1710314154624939,-0.9819899797439575,0.08027607202529907,0,0,0.01130400039255619,0,1,0.9950649738311768,-0.09216916561126709,-0.03675325587391853,0,0.09556983411312103,0.7905952334403992,0.6048358082771301,0,-0.026690257713198662,-0.6053631901741028,0.7955018877983093,0,0.000035000000934815034,0.011048000305891037,0,1,0.9790499806404114,-0.12932920455932617,0.15727385878562927,0,-0.07574320584535599,0.4856472611427307,0.870867908000946,0,-0.18900813162326813,-0.8645350337028503,0.46567678451538086,0,0.005927000194787979,0.07049799710512161,-0.001155999954789877,1,0.96949702501297,-0.18632875382900238,-0.15923713147640228,0,0.22140324115753174,0.3870575428009033,0.8950791358947754,0,-0.10514513403177261,-0.9030328989028931,0.41650521755218506,0,0,0.009239999577403069,0,1,0.972806990146637,-0.19348634779453278,-0.1273198425769806,0,0.18684466183185577,0.33069998025894165,0.9250550866127014,0,-0.13688082993030548,-0.9236890077590942,0.35785913467407227,0,0.000009000000318337698,0.008469999767839909,0,1,0.914546012878418,-0.24051588773727417,0.325204074382782,0,-0.12157087028026581,0.6033790111541748,0.7881340384483337,0,-0.3857799470424652,-0.7603200078010559,0.5225780010223389,0,0.013652999885380268,0.06073300167918205,-0.00022699999681208283,1,0.9547719955444336,-0.2137281447649002,-0.20671603083610535,0,0.22983185946941376,0.08939017355442047,0.9691159725189209,0,-0.1886490285396576,-0.9727950692176819,0.13446880877017975,0,0.00004999999873689376,0.00865700002759695,0,1,0.972195029258728,-0.20815594494342804,-0.107273630797863,0,0.2009870707988739,0.5066394209861755,0.8384038209915161,0,-0.12016963213682175,-0.8366522789001465,0.5343887209892273,0,-0.000014999999621068127,0.007977000437676907,0,1,0.1064140796661377,-0.003745737951248884,0.994314968585968,0,-0.8350141048431396,-0.5432568788528442,0.0873187705874443,0,0.539840817451477,-0.8395581245422363,-0.06093786656856537,0,-0.024251999333500862,0.11354199796915054,-0.0011470000026747584,1,0.9811149835586548,0.19304899871349335,0.012072083540260792,0,-0.17577798664569855,0.8638148307800293,0.47215035557746887,0,0.08072008192539215,-0.46535563468933105,0.8814350962638855,0,0,0.08369699865579605,0,1,0.7474628686904907,-0.5817084312438965,-0.3208024799823761,0,0.6348626017570496,0.7676923871040344,0.08716600388288498,0,0.19557249546051025,-0.2688189446926117,0.9431268572807312,0,0,0.15240700542926788,0,1,0.8885510563850403,-0.10993896424770355,-0.4454098343849182,0,-0.033598970621824265,0.9526619911193848,-0.3021690547466278,0,0.4575451612472534,0.2834579348564148,0.8427949547767639,0,0,0.1556140035390854,0,1,0.8958199620246887,-0.42503902316093445,-0.1298041045665741,0,0.4202209413051605,0.7150490283966064,0.5586768984794617,0,-0.14464309811592102,-0.5550199747085571,0.8191649317741394,0,0.011339999735355377,0.017806999385356903,0.006459000054746866,1,0.9015170335769653,0.4227708876132965,-0.09236788749694824,0,-0.43062105774879456,0.8975369334220886,-0.09483503550291061,0,0.0428101010620594,0.12527096271514893,0.9911990165710449,0,0.0006210000137798488,0.017650999128818512,0,1,0.911206066608429,-0.4119209349155426,-0.004941429942846298,0,0.41158607602119446,0.9098299741744995,0.05296716094017029,0,-0.01732242852449417,-0.05029784515500069,0.998583972454071,0,0.0008079999824985862,0.016551999375224113,0,1,0.9954160451889038,-0.09516869485378265,0.009500071406364441,0,0.09522531926631927,0.9954389929771423,-0.005703747272491455,0,-0.00891392957419157,0.006582253146916628,0.9999390840530396,0,0.01464099995791912,0.07246299833059311,0.00034500000765547156,1,0.9999300837516785,0.011840371415019035,-0.0003981672343797982,0,-0.011758629232645035,0.9960039854049683,0.0885324627161026,0,0.0014448326546698809,-0.08852154016494751,0.9960730075836182,0,-0.00004999999873689376,0.008921000175178051,0,1,0.9988049864768982,0.048860084265470505,0.0006790698389522731,0,-0.04876790940761566,0.9976029992103577,-0.04908887669444084,0,-0.003075930057093501,0.048997119069099426,0.9987940192222595,0,-0.000022000000171829015,0.00836899969726801,0,1,0.9995840191841125,0.02870703488588333,-0.0029088680166751146,0,-0.028621962293982506,0.99925297498703,0.025967027992010117,0,0.003652131650596857,-0.02587297186255455,0.9996590614318848,0,0.005561999976634979,0.07470999658107758,-0.0013729999773204327,1,0.9967970252037048,0.07581791281700134,0.025447310879826546,0,-0.07961709052324295,0.9107180237770081,0.4052819013595581,0,0.007552310358732939,-0.40601009130477905,0.9138380289077759,0,-0.00002099999983329326,0.009185000322759151,0,1,0.9995139837265015,-0.03109472431242466,0.0023644098546355963,0,0.0311752762645483,0.994500994682312,-0.09997893869876862,0,0.0007574098417535424,0.10000405460596085,0.9949870109558105,0,0.00002700000004551839,0.009095000103116035,0,1,0.9925980567932129,0.12094474583864212,0.011012553237378597,0,-0.12134824693202972,0.991339921951294,0.050186049193143845,0,-0.004847446922212839,-0.05115095153450966,0.998678982257843,0,-0.006051999982446432,0.06717199832201004,-0.0009280000231228769,1,0.9972540736198425,0.068751759827137,0.027512773871421814,0,-0.07377222925424576,0.8900790810585022,0.44979673624038696,0,0.006435772404074669,-0.45059123635292053,0.8927068710327148,0,-0.000050999999075429514,0.010259999893605709,0,1,0.9954580068588257,0.09121088683605194,0.02726536989212036,0,-0.09508610516786575,0.9386909008026123,0.3313871920108795,0,0.00463236914947629,-0.33247485756874084,0.9431009888648987,0,-0.00005900000178371556,0.010266000404953957,0,1,0.9677860140800476,0.25177204608917236,-0.0005000983364880085,0,-0.24814891815185547,0.9541910886764526,0.16715793311595917,0,0.04256289824843407,-0.16164906322956085,0.9859300255775452,0,-0.014151000417768955,0.05815799906849861,0.00025099999038502574,1,0.9966449737548828,0.056675199419260025,0.059052854776382446,0,-0.07261979579925537,0.9451199173927307,0.31855013966560364,0,-0.037758152931928635,-0.32176992297172546,0.9460651278495789,0,-0.00005700000110664405,0.009421000257134438,0,1,0.9863369464874268,0.1113162636756897,0.12143910676240921,0,-0.1557457447052002,0.8703268766403198,0.4671992063522339,0,-0.053684886544942856,-0.4797298014163971,0.8757731914520264,0,-0.000007000000096013537,0.008631999604403973,0,1,-0.8764400482177734,-0.25480493903160095,0.40856707096099854,0,0.4706580638885498,-0.6324761509895325,0.6151878833770752,0,0.10165593028068542,0.7314701080322266,0.6742529273033142,0,0.054579999297857285,-0.044266000390052795,-0.00036800000816583633,1,0.998691976070404,-0.040439773350954056,-0.03127748519182205,0,-0.014909773133695126,0.35481202602386475,-0.9348189830780029,0,0.0489015206694603,0.9340630173683167,0.35374513268470764,0,0,0.2833159863948822,0,1,0.9496230483055115,-0.21122480928897858,-0.23151497542858124,0,0.25176116824150085,0.07423669844865799,0.9649379849433899,0,-0.1866319626569748,-0.9746140241622925,0.12367510795593262,0,0,0.24336299300193787,0,1,0.9998589754104614,-0.0010111265582963824,-0.01679118722677231,0,0.009958874434232712,0.8400408029556274,0.5424322485923767,0,0.013556811027228832,-0.5425227880477905,0.8399321436882019,0,0,0.08242200314998627,0,1,-0.793811023235321,0.3037570118904114,-0.5268740057945251,0,-0.5034040212631226,-0.8142907619476318,0.2889895439147949,0,-0.34124600887298584,0.4946335256099701,0.7993053793907166,0,-0.054579999297857285,-0.044266000390052795,0.004178000148385763,1,0.9923370480537415,0.06376592814922333,0.10583772510290146,0,0.035338930785655975,0.6743098497390747,-0.7376021146774292,0,-0.11840128153562546,0.7356898784637451,0.6668890714645386,0,0,0.26787498593330383,0,1,0.9094218015670776,0.39485615491867065,0.13054153323173523,0,-0.20436178147792816,0.15092185139656067,0.9671911001205444,0,0.3621995449066162,-0.9062618017196655,0.21794499456882477,0,0,0.22586800158023834,0,1,0.9997929930686951,-0.000005926137873757398,0.020346062257885933,0,-0.010579925961792469,0.8540161848068237,0.5201398134231567,0,-0.01737894117832184,-0.5202471613883972,0.8538389205932617,0,0,0.08159500360488892,0,1
K0.034,0.46160203218460083,-0.09549738466739655,0.881932258605957,0,-0.07382432371377945,0.9866044521331787,0.1454710215330124,0,-0.8840100765228271,-0.13225772976875305,0.4483684301376343,0,0.014764389023184776,0.454901784658432,0.031053585931658745,1,0.9965459704399109,0.043705012649297714,-0.07061142474412918,0,-0.021576205268502235,0.9573696851730347,0.288057804107666,0,0.08019083738327026,-0.2855394184589386,0.9550062417984009,0,0,0.07960599660873413,0.0029090000316500664,1,0.9942599534988403,-0.05691765993833542,-0.09059945493936539,0,0.06632857769727707,0.9923108220100403,0.10450214892625809,0,0.08395471423864365,-0.10991151630878448,0.9903890490531921,0,0,0.0929350033402443,0,1,0.9941724538803101,-0.05738897994160652,-0.09125696867704391,0,0.06685828417539597,0.992291271686554,0.10434357076883316,0,0.08456531167030334,-0.10983677208423615,0.9903454780578613,0,0,0.10621199756860733,0,1,0.9973318576812744,0.001114378566853702,-0.07299762964248657,0,-0.010746684856712818,0.9912323355674744,-0.1316947340965271,0,0.07221078127622604,0.13212770223617554,0.9885985851287842,0,0,0.11948800086975098,0,1,0.7616822123527527,-0.20483174920082092,-0.6147230863571167,0,0.03569943457841873,0.9605436325073242,-0.2758285701274872,0,0.6469664573669434,0.1881483495235443,0.7389408946037292,0,0,0.030191000550985336,0.005729000084102154,1,0.13258306682109833,0.0183030366897583,-0.9910032153129578,0,0.7351006865501404,-0.6724901795387268,0.08592631667852402,0,-0.6648674607276917,-0.7398796677589417,-0.10261531919240952,0,0.024251999333500862,0.11364100128412247,0.0015780000248923898,1,0.8049108982086182,-0.2560926377773285,0.5352898836135864,0,0.09782600402832031,0.9470036625862122,0.30596402287483215,0,-0.5852766633033752,-0.19390855729579926,0.7873062491416931,0,0,0.08369699865579605,0,1,0.5057790279388428,0.8398839235305786,-0.19693206250667572,0,-0.862210214138031,0.4847702383995056,-0.1469394415616989,0,-0.027945296838879585,0.24411582946777344,0.9693436026573181,0,0,0.15276600420475006,0,1,0.9330312013626099,-0.07624825835227966,0.3516231179237366,0,0.07163333147764206,0.9970886707305908,0.026136355474591255,0,-0.35259220004081726,0.0008019008673727512,0.9357765316963196,0,0,0.15560699999332428,0,1,0.5021057724952698,0.7289430499076843,-0.4653300642967224,0,-0.22183486819267273,0.6286331415176392,0.7453919649124146,0,0.8358699083328247,-0.27103906869888306,0.47734513878822327,0,-0.012005000375211239,0.017687000334262848,0.006289999932050705,1,0.8798880577087402,-0.47408783435821533,0.032208047807216644,0,0.47438618540763855,0.8724789023399353,-0.11721010506153107,0,0.02746705338358879,0.11841088533401489,0.9925849437713623,0,-0.00020300000323913991,0.01782499998807907,0,1,0.6903989911079407,-0.7140661478042603,0.11600949615240097,0,0.71822190284729,0.6573542356491089,-0.2281297892332077,0,0.08664046972990036,0.2408212274312973,0.9666950702667236,0,0.0004250000056345016,0.016036000102758408,0,1,0.9921039342880249,0.006410767789930105,-0.12525717914104462,0,0.10540977120399475,0.49856531620025635,0.8604187965393066,0,0.0679648146033287,-0.8668281435966492,0.49395281076431274,0,-0.015014000236988068,0.06937500089406967,-0.00023400000645779073,1,0.9784560203552246,-0.14144079387187958,-0.1503937542438507,0,0.15217022597789764,0.001765909604728222,0.9883530139923096,0,-0.13952778279781342,-0.9899450540542603,0.023250935599207878,0,-0.000037000001611886546,0.009588000364601612,0,1,0.9900140166282654,-0.13740992546081543,-0.03146986663341522,0,0.12366607785224915,0.739430844783783,0.6617762446403503,0,-0.06766486912965775,-0.6590597629547119,0.7490401864051819,0,-0.00003300000025774352,0.009341999888420105,0,1,0.9990270137786865,-0.02542790025472641,0.036040231585502625,0,-0.02003689855337143,0.46628957986831665,0.8844051957130432,0,-0.03929375484585762,-0.8842668533325195,0.4653264284133911,0,-0.00456599984318018,0.07043100148439407,-0.000750000006519258,1,0.9703329801559448,-0.18201051652431488,-0.1591392159461975,0,0.1708844155073166,0.05067770555615425,0.9839869737625122,0,-0.17103122174739838,-0.9819899201393127,0.08027704805135727,0,0,0.01130400039255619,0,1,0.9950649738311768,-0.09217000007629395,-0.03675409406423569,0,0.09557098895311356,0.7905951142311096,0.6048357486724854,0,-0.02669009566307068,-0.6053631901741028,0.7955018877983093,0,0.000035000000934815034,0.011048000305891037,0,1,0.9790500402450562,-0.12932910025119781,0.15727461874485016,0,-0.07574409246444702,0.4856460690498352,0.8708679676055908,0,-0.18900839984416962,-0.8645359873771667,0.4656759202480316,0,0.005927000194787979,0.07049799710512161,-0.001155999954789877,1,0.96949702501297,-0.1863286942243576,-0.15923719108104706,0,0.2214033007621765,0.38705718517303467,0.8950797915458679,0,-0.1051451787352562,-0.9030331373214722,0.41650471091270447,0,0,0.009239999577403069,0,1,0.972806990146637,-0.19348634779453278,-0.12731963396072388,0,0.18684470653533936,0.33070120215415955,0.9250549077987671,0,-0.13688062131404877,-0.9236879944801331,0.3578599989414215,0,0.000009000000318337698,0.008469999767839909,0,1,0.9145458340644836,-0.2405165284872055,0.32520511746406555,0,-0.12157153338193893,0.6033780574798584,0.7881338596343994,0,-0.38578084111213684,-0.7603201866149902,0.5225769281387329,0,0.013652999885380268,0.06073300167918205,-0.00022699999681208283,1,0.9547719955444336,-0.2137279510498047,-0.2067149430513382,0,0.22983106970787048,0.08939080685377121,0.9691169857978821,0,-0.18864890933036804,-0.9727950096130371,0.134469136595726,0,0.00004999999873689376,0.00865700002759695,0,1,0.9721950888633728,-0.20815806090831757,-0.10727473348379135,0,0.20098890364170074,0.5066388845443726,0.8384029865264893,0,-0.1201707273721695,-0.8366519808769226,0.5343891382217407,0,-0.000014999999621068127,0.007977000437676907,0,1,0.16540516912937164,-0.003686505137011409,0.9862188696861267,0,-0.8653509616851807,-0.480230450630188,0.14333848655223846,0,0.47308409214019775,-0.8771346211433411,-0.08262269198894501,0,-0.024251999333500862,0.11354199796915054,-0.0011470000026747584,1,0.9853397607803345,0.13104625046253204,-0.1092323437333107,0,-0.08949440717697144,0.9421542882919312,0.32301217317581177,0,0.14524322748184204,-0.3085010051727295,0.9400699138641357,0,0,0.08369699865579605,0,1,0.7800295948982239,-0.5388919115066528,-0.31803855299949646,0,0.5897938013076782,0.8029628992080688,0.08598437905311584,0,0.2090369611978531,-0.2546476423740387,0.9441704154014587,0,0,0.15240700542926788,0,1,0.9373471140861511,-0.12108413130044937,-0.32667791843414307,0,0.03140686824917793,0.963212251663208,-0.2669007182121277,0,0.3469776511192322,0.23991870880126953,0.9066671133041382,0,0,0.1556140035390854,0,1,0.900317907333374,-0.40276288986206055,-0.16495175659656525,0,0.424744188785553,0.7303754091262817,0.5349242687225342,0,-0.09497092664241791,-0.5516640543937683,0.8286411166191101,0,0.011339999735355377,0.017806999385356903,0.006459000054746866,1,0.8932386040687561,0.4395751953125,-0.09432937204837799,0,-0.4476860463619232,0.8889233469963074,-0.0969136580824852,0,0.04125075414776802,0.1287970244884491,0.9908127784729004,0,0.0006210000137798488,0.017650999128818512,0,1,0.9464902877807617,-0.32272589206695557,0.0019441945478320122,0,0.322618305683136,0.9463001489639282,0.02083073928952217,0,-0.008562409318983555,-0.019088856875896454,0.9997810125350952,0,0.0008079999824985862,0.016551999375224113,0,1,0.9966174960136414,-0.0816466361284256,0.009339706040918827,0,0.0805465504527092,0.9930312037467957,0.08603635430335999,0,-0.01629919558763504,-0.08499304205179214,0.9962484836578369,0,0.01464099995791912,0.07246299833059311,0.00034500000765547156,1,0.999758780002594,0.02194994129240513,0.0008969192858785391,0,-0.021801097318530083,0.9862969517707825,0.16353534162044525,0,0.002704961458221078,-0.1635153740644455,0.9865370988845825,0,-0.00004999999873689376,0.008921000175178051,0,1,0.9981653690338135,0.060523953288793564,0.0017377326730638742,0,-0.06054754927754402,0.9975429773330688,0.035232365131378174,0,0.000398938893340528,-0.03527294844388962,0.9993776082992554,0,-0.000022000000171829015,0.00836899969726801,0,1,0.9991715550422668,0.0406804233789444,0.0006578289321623743,0,-0.04054252803325653,0.9941688776016235,0.09991830587387085,0,0.0034107291139662266,-0.09986227750778198,0.9949953556060791,0,0.005561999976634979,0.07470999658107758,-0.0013729999773204327,1,0.9960823059082031,0.08349934965372086,0.029107628390192986,0,-0.08763676881790161,0.8882430791854858,0.450937420129776,0,0.011798330582678318,-0.4517216384410858,0.8920807838439941,0,-0.00002099999983329326,0.009185000322759151,0,1,0.9998185634613037,-0.01898052729666233,0.0016132601303979754,0,0.019019506871700287,0.999393880367279,-0.029154561460018158,0,-0.00105891318526119,0.029179949313402176,0.9995733499526978,0,0.00002700000004551839,0.009095000103116035,0,1,0.992502748966217,0.12067729234695435,0.0193977952003479,0,-0.12213325500488281,0.9853707551956177,0.11886493861675262,0,-0.004769716877490282,-0.12034274637699127,0.9927207231521606,0,-0.006051999982446432,0.06717199832201004,-0.0009280000231228769,1,0.9969065189361572,0.07282055169343948,0.02957211807370186,0,-0.0781354308128357,0.8775606751441956,0.4730561673641205,0,0.008496885187923908,-0.4739035367965698,0.8805360794067383,0,-0.000050999999075429514,0.010259999893605709,0,1,0.994748592376709,0.0978347510099411,0.030045634135603905,0,-0.10200183093547821,0.9237319827079773,0.3692082464694977,0,0.008367286995053291,-0.3703341484069824,0.9288605451583862,0,-0.00005900000178371556,0.010266000404953957,0,1,0.9650981426239014,0.26181140542030334,0.006324963644146919,0,-0.2555813193321228,0.9363148808479309,0.24081450700759888,0,0.05712587386369705,-0.23402635753154755,0.970550537109375,0,-0.014151000417768955,0.05815799906849861,0.00025099999038502574,1,0.9960376024246216,0.06425295770168304,0.06148102134466171,0,-0.08202292770147324,0.9308901429176331,0.35597124695777893,0,-0.0343598835170269,-0.35960373282432556,0.9324722290039062,0,-0.00005700000110664405,0.009421000257134438,0,1,0.9863400459289551,0.11226747184991837,0.12053351104259491,0,-0.15634019672870636,0.8684760332107544,0.47043338418006897,0,-0.05186611786484718,-0.48285162448883057,0.874164879322052,0,-0.000007000000096013537,0.008631999604403973,0,1,-0.8359843492507935,-0.24710999429225922,0.4899653494358063,0,0.5477417707443237,-0.4299338161945343,0.7177295684814453,0,0.03329453617334366,0.8683857321739197,0.49477073550224304,0,0.054579999297857285,-0.044266000390052795,-0.00036800000816583633,1,0.997786283493042,-0.06112560257315636,-0.026190385222434998,0,-0.0264832004904747,-0.003985079936683178,-0.9996412396430969,0,0.06099928915500641,0.9981217384338379,-0.005595059134066105,0,0,0.2833159863948822,0,1,0.9568208456039429,-0.130044624209404,-0.259965717792511,0,0.25424617528915405,-0.05909771844744682,0.9653326272964478,0,-0.1408996284008026,-0.989745020866394,-0.023482557386159897,0,0,0.24336299300193787,0,1,0.9998993873596191,0.008226200938224792,-0.011527475900948048,0,-0.0004076376499142498,0.8303723931312561,0.5572089552879333,0,0.014155810698866844,-0.5571482181549072,0.8302922248840332,0,0,0.08242200314998627,0,1,-0.777583658695221,0.3008877635002136,-0.5521142482757568,0,-0.5693525075912476,-0.7095565795898438,0.4151720106601715,0,-0.2668360471725464,0.6371784806251526,0.7230506539344788,0,-0.054579999297857285,-0.044266000390052795,0.004178000148385763,1,0.9818691611289978,0.15426889061927795,0.11015818268060684,0,0.035988327115774155,0.4188486933708191,-0.9073420166969299,0,-0.1861143857240677,0.8948560953140259,0.40570297837257385,0,0,0.26787498593330383,0,1,0.8963137269020081,0.4046242833137512,0.18138520419597626,0,-0.19318075478076935,-0.011874902062118053,0.981091320514679,0,0.3991272747516632,-0.9144056439399719,0.06752198934555054,0,0,0.22586800158023834,0,1,0.9997929334640503,-0.00022158528736326844,0.020370502024888992,0,-0.010408681817352772,0.8540104031562805,0.5201522707939148,0,-0.017511866986751556,-0.5202562212944031,0.8538306951522827,0,0,0.08159500360488892,0,1
