2.233,30,67,65
B0,mixamorig_Hips,-1,0.49479496479034424,-0.015983764082193375,0.8688626885414124,0,-0.01397532969713211,0.9995549917221069,0.0263465978205204,0,-0.8688979148864746,-0.025178827345371246,0.4943518340587616,0,0.011896943673491478,0.4862028956413269,0.011449423618614674,1
B1,mixamorig_Spine,0,0.9985420107841492,0.05042067542672157,-0.019276270642876625,0,-0.044710658490657806,0.9726307392120361,0.22801227867603302,0,0.030245250090956688,-0.22681815922260284,0.9734677672386169,0,0,0.07960599660873413,0.0029090000316500664,1
B2,mixamorig_Spine1,1,0.9955998659133911,-0.09328915178775787,-0.008800292387604713,0,0.0936206728219986,0.9863806366920471,0.1352364867925644,0,-0.0039356607012450695,-0.1354653686285019,0.9907746315002441,0,0,0.0929350033402443,0,1
B3,mixamorig_Spine2,2,0.9956008791923523,-0.09327730536460876,-0.008838537149131298,0,0.09361251443624496,0.986327588558197,0.1356235295534134,0,-0.003932905849069357,-0.1358543187379837,0.9907206296920776,0,0,0.10621199756860733,0,1
B4,mixamorig_Neck,3,0.8794541954994202,0.019342949613928795,-0.47559064626693726,0,-0.1848771721124649,0.9346071481704712,-0.3038599491119385,0,0.43861252069473267,0.35515645146369934,0.8255196213722229,0,0,0.11948800086975098,0,1
B5,mixamorig_Head,4,0.8907088041305542,-0.0827605277299881,-0.44697609543800354,0,0.07126124948263168,0.9965512752532959,-0.04251252859830856,0,0.44895294308662415,0.006014206912368536,0.8935345411300659,0,0,0.030191000550985336,0.005729000084102154,1
B6,mixamorig_HeadTop_End,5,1,0,0,0,0,1,0,0,0,0,1,0,0,0.16785000264644623,0.03185199946165085,1
B7,mixamorig_LeftShoulder,3,0.25423404574394226,-0.0915103405714035,-0.9628036022186279,0,0.8508955836296082,-0.45204025506973267,0.26764851808547974,0,-0.45971864461898804,-0.8872907757759094,-0.037058278918266296,0,0.024251999333500862,0.11364100128412247,0.0015780000248923898,1
B8,mixamorig_LeftArm,7,0.9457039833068848,0.010178865864872932,0.3248681128025055,0,-0.07091887295246124,0.981889009475708,0.17568282783031464,0,-0.3171963393688202,-0.1891833245754242,0.9292987585067749,0,0,0.08369699865579605,0,1
B9,mixamorig_LeftForeArm,8,0.7169457674026489,0.6899380087852478,-0.09987218677997589,0,-0.6971259713172913,0.7091518640518188,-0.10544148087501526,0,-0.0019235480576753616,0.1452193409204483,0.9893973469734192,0,0,0.15276600420475006,0,1
B10,mixamorig_LeftHand,9,0.996717095375061,0.010049063712358475,-0.08033829182386398,0,-0.03170840069651604,0.9614546895027161,-0.27312737703323364,0,0.07449697703123093,0.27477818727493286,0.9586172103881836,0,0,0.15560699999332428,0,1
B11,mixamorig_LeftHandThumb1,10,0.7483910322189331,0.660887598991394,-0.0560305193066597,0,-0.6161267161369324,0.7240007519721985,0.31017789244651794,0,0.24555887281894684,-0.1976124793291092,0.9490262866020203,0,-0.012005000375211239,0.017687000334262848,0.006289999932050705,1
B12,mixamorig_LeftHandThumb2,11,0.9560057520866394,-0.2595388889312744,0.1367233544588089,0,0.2536791265010834,0.9654886722564697,0.058974191546440125,0,-0.14731092751026154,-0.021695801988244057,0.9888522028923035,0,-0.00020300000323913991,0.01782499998807907,0,1
B13,mixamorig_LeftHandThumb3,12,0.9975639581680298,-0.06722332537174225,-0.018611010164022446,0,0.06663987040519714,0.9973148107528687,-0.03037383407354355,0,0.020602863281965256,0.029059601947665215,0.9993649125099182,0,0.0004250000056345016,0.016036000102758408,0,1
B14,mixamorig_LeftHandThumb4,13,1,0,0,0,0,1,0,0,0,0,1,0,-0.00022200000239536166,0.013601000420749187,0,1
B15,mixamorig_LeftHandIndex1,10,0.9746268391609192,0.0614878386259079,-0.21522243320941925,0,-0.10768644511699677,0.9717459678649902,-0.21003174781799316,0,0.19622735679149628,0.2278793901205063,0.9537122249603271,0,-0.015014000236988068,0.06937500089406967,-0.00023400000645779073,1
B16,mixamorig_LeftHandIndex2,15,0.9999569654464722,-0.009133201092481613,0.0018900807481259108,0,0.007182982750236988,0.8834021687507629,0.46855995059013367,0,-0.005949149839580059,-0.4685259163379669,0.8834292888641357,0,-0.000037000001611886546,0.009588000364601612,0,1
B17,mixamorig_LeftHandIndex3,16,0.9999769926071167,0.002939659170806408,0.006105476524680853,0,-0.0054910145699977875,0.8794930577278137,0.4758807420730591,0,-0.003970796708017588,-0.4759032130241394,0.8794888257980347,0,-0.00003300000025774352,0.009341999888420105,0,1
B18,mixamorig_LeftHandIndex4,17,1,0,0,0,0,1,0,0,0,0,1,0,0.00007000000186963007,0.007697000168263912,0,1
B19,mixamorig_LeftHandMiddle1,10,0.9880464673042297,0.05462149903178215,-0.14415475726127625,0,-0.057206764817237854,0.9982660412788391,-0.013847313821315765,0,0.14314846694469452,0.021928420290350914,0.9894580245018005,0,-0.00456599984318018,0.07043100148439407,-0.000750000006519258,1
B20,mixamorig_LeftHandMiddle2,19,0.9998599290847778,-0.016121966764330864,-0.004567459225654602,0,0.016450345516204834,0.8925586342811584,0.4506318271160126,0,-0.0031883425544947386,-0.4506433308124542,0.892697811126709,0,0,0.01130400039255619,0,1
B21,mixamorig_LeftHandMiddle3,20,0.9999069571495056,-0.010223175399005413,-0.009081386961042881,0,0.013663376681506634,0.7734187245368958,0.633747935295105,0,0.000544797396287322,-0.633812665939331,0.7734860181808472,0,0.000035000000934815034,0.011048000305891037,0,1
B22,mixamorig_LeftHandMiddle4,21,1,0,0,0,0,1,0,0,0,0,1,0,-0.000035000000934815034,0.00976799987256527,0,1
B23,mixamorig_LeftHandRing1,10,0.9955310225486755,0.0007057517068460584,-0.09443648159503937,0,0.02144503779709339,0.9721602201461792,0.23333466053009033,0,0.09197205305099487,-0.23431704938411713,0.9678004384040833,0,0.005927000194787979,0.07049799710512161,-0.001155999954789877,1
B24,mixamorig_LeftHandRing2,23,0.9998689889907837,-0.015856150537729263,-0.003181947162374854,0,0.015571518801152706,0.8907796740531921,0.4541693329811096,0,-0.00436696270480752,-0.45415931940078735,0.890909731388092,0,9.999999974752427e-7,0.009239999577403069,0,1
B25,mixamorig_LeftHandRing3,24,0.9995319843292236,-0.028522277250885963,-0.011026470921933651,0,0.029366442933678627,0.7947558760643005,0.6062185764312744,0,-0.008527388796210289,-0.6062591671943665,0.7952221632003784,0,0.000009000000318337698,0.008469999767839909,0,1
B26,mixamorig_LeftHandRing4,25,1,0,0,0,0,1,0,0,0,0,1,0,-0.000009999999747378752,0.0076049999333918095,0,1
B27,mixamorig_LeftHandPinky1,10,0.9893240928649902,-0.07168856263160706,0.12687994539737701,0,0.04062190651893616,0.9717890620231628,0.232329323887825,0,-0.13995587825775146,-0.2246948629617691,0.9643263220787048,0,0.013652999885380268,0.06073300167918205,-0.00022699999681208283,1
B28,mixamorig_LeftHandPinky2,27,0.998664915561676,-0.047777023166418076,-0.019651014357805252,0,0.048714861273765564,0.7443200945854187,0.666043221950531,0,-0.017194923013448715,-0.6661114692687988,0.7456539869308472,0,0.00004999999873689376,0.00865700002759695,0,1
B29,mixamorig_LeftHandPinky3,28,0.998652994632721,-0.04752596840262413,-0.020831704139709473,0,0.04922407492995262,0.7405944466590881,0.6701468825340271,0,-0.016421528533101082,-0.6702694296836853,0.7419360280036926,0,-0.000014999999621068127,0.007977000437676907,0,1
B30,mixamorig_LeftHandPinky4,29,1,0,0,0,0,1,0,0,0,0,1,0,-0.000035000000934815034,0.0071020000614225864,0,1
B31,mixamorig_RightShoulder,3,0.17362043261528015,0.10349760949611664,0.9793594479560852,0,-0.8699359893798828,-0.44999614357948303,0.20177701115608215,0,0.4615914821624756,-0.8870128989219666,0.011907733976840973,0,-0.024251999333500862,0.11354199796915054,-0.0011470000026747584,1
B32,mixamorig_RightArm,31,0.7095731496810913,0.10126248002052307,-0.6973184943199158,0,-0.08318323642015457,0.9947381615638733,0.05980777367949486,0,0.6997049450874329,0.015567200258374214,0.7142621874809265,0,0,0.08369699865579605,0,1
B33,mixamorig_RightForeArm,32,-0.1726740300655365,-0.9781326055526733,-0.1159297525882721,0,0.9844260811805725,-0.17532068490982056,0.012956719845533371,0,-0.03299829736351967,-0.11188707500696182,0.993173360824585,0,0,0.15240700542926788,0,1
B34,mixamorig_RightHand,33,0.8295845985412598,-0.06605666130781174,-0.5544593334197998,0,-0.05549909919500351,0.9783065319061279,-0.19959057867527008,0,0.5556157231330872,0.1963493525981903,0.80792236328125,0,0,0.1556140035390854,0,1
B35,mixamorig_RightHandThumb1,34,0.8047243356704712,-0.5840286016464233,0.10643941909074783,0,0.5314790606498718,0.7886542677879333,0.3091193735599518,0,-0.2644783556461334,-0.19218549132347107,0.9450478553771973,0,0.011339999735355377,0.017806999385356903,0.006459000054746866,1
B36,mixamorig_RightHandThumb2,35,0.9559334516525269,0.2537851929664612,-0.14759494364261627,0,-0.24546301364898682,0.9666975140571594,0.07240906357765198,0,0.16105614602565765,-0.032989174127578735,0.9863942265510559,0,0.0006210000137798488,0.017650999128818512,0,1
B37,mixamorig_RightHandThumb3,36,0.9997076988220215,0.017488684505224228,0.016715385019779205,0,-0.016179556027054787,0.9970163106918335,-0.07548001408576965,0,-0.017985552549362183,0.07518748939037323,0.9970075488090515,0,0.0008079999824985862,0.016551999375224113,0,1
B38,mixamorig_RightHandThumb4,37,1,0,0,0,0,1,0,0,0,0,1,0,-0.001429000054486096,0.013016999699175358,0,1
B39,mixamorig_RightHandIndex1,34,0.9133155941963196,-0.2606671452522278,0.31290173530578613,0,0.30026304721832275,0.9500646591186523,-0.08496040850877762,0,-0.27513062953948975,0.17154857516288757,0.945978045463562,0,0.01464099995791912,0.07246299833059311,0.00034500000765547156,1
B40,mixamorig_RightHandIndex2,39,0.9999000430107117,0.013879525475203991,-0.0027830020990222692,0,-0.012599263340234756,0.9622103571891785,0.2720150649547577,0,0.006453276611864567,-0.27195292711257935,0.962289571762085,0,-0.00004999999873689376,0.008921000175178051,0,1
B41,mixamorig_RightHandIndex3,40,0.9999120235443115,0.012584971264004707,0.004154998809099197,0,-0.013211864978075027,0.9218236804008484,0.3873833417892456,0,0.001045032637193799,-0.38740450143814087,0.9219096899032593,0,-0.000022000000171829015,0.00836899969726801,0,1
B42,mixamorig_RightHandIndex4,41,1,0,0,0,0,1,0,0,0,0,1,0,0.00007200000254670158,0.007528000045567751,0,1
B43,mixamorig_RightHandMiddle1,34,0.9891641139984131,-0.12616176903247833,0.07508820295333862,0,0.12945044040679932,0.9907518625259399,-0.04065510258078575,0,-0.06926465779542923,0.04993477836251259,0.9963480234146118,0,0.005561999976634979,0.07470999658107758,-0.0013729999773204327,1
B44,mixamorig_RightHandMiddle2,43,0.9999209642410278,0.010919534601271152,0.006303050089627504,0,-0.012563643045723438,0.9049012660980225,0.4254368543624878,0,-0.0010580646339803934,-0.4254820644855499,0.9049662351608276,0,-0.00002099999983329326,0.009185000322759151,0,1
B45,mixamorig_RightHandMiddle3,44,0.9999609589576721,0.0014011061284691095,0.008750208653509617,0,-0.006260151509195566,0.8105681538581848,0.585610568523407,0,-0.006272137630730867,-0.5856424570083618,0.8105452060699463,0,0.00002700000004551839,0.009095000103116035,0,1
B46,mixamorig_RightHandMiddle4,45,1,0,0,0,0,1,0,0,0,0,1,0,-0.000007000000096013537,0.007675000000745058,0,1
B47,mixamorig_RightHandRing1,34,0.9940270781517029,0.048906292766332626,-0.0975567102432251,0,-0.03677884861826897,0.9917930364608765,0.12244932353496552,0,0.1027446836233139,-0.11812999844551086,0.987668514251709,0,-0.006051999982446432,0.06717199832201004,-0.0009280000231228769,1
B48,mixamorig_RightHandRing2,47,0.9999890327453613,0.0043671210296452045,-0.0018337825313210487,0,-0.003245955565944314,0.913804292678833,0.40614083409309387,0,0.0034493848215788603,-0.40613046288490295,0.9138084650039673,0,-0.000050999999075429514,0.010259999893605709,0,1
B49,mixamorig_RightHandRing3,48,0.9994549751281738,0.02998780831694603,0.013764726929366589,0,-0.032843079417943954,0.8640052080154419,0.5024111866950989,0,0.0031734167132526636,-0.5025895833969116,0.864519476890564,0,-0.00005900000178371556,0.010266000404953957,0,1
B50,mixamorig_RightHandRing4,49,1,0,0,0,0,1,0,0,0,0,1,0,0.00011000000085914508,0.008937000297009945,0,1
B51,mixamorig_RightHandPinky1,34,0.9362967610359192,0.18308526277542114,-0.2997127175331116,0,-0.1301468163728714,0.9734888672828674,0.1880982220172882,0,0.3262050747871399,-0.13710913062095642,0.9353026151657104,0,-0.014151000417768955,0.05815799906849861,0.00025099999038502574,1
B52,mixamorig_RightHandPinky2,51,0.9995969533920288,0.027522433549165726,0.006977426819503307,0,-0.026938479393720627,0.8416551351547241,0.5393425226211548,0,0.008971432223916054,-0.5393131375312805,0.8420573472976685,0,-0.00005700000110664405,0.009421000257134438,0,1
B53,mixamorig_RightHandPinky3,52,0.9995189905166626,0.026071541011333466,0.0168246328830719,0,-0.031027372926473618,0.8451674580574036,0.5336003303527832,0,-0.00030785001581534743,-0.5338653326034546,0.845569372177124,0,-0.000007000000096013537,0.008631999604403973,0,1
B54,mixamorig_RightHandPinky4,53,1,0,0,0,0,1,0,0,0,0,1,0,0.00006500000017695129,0.007710000034421682,0,1
B55,mixamorig_LeftUpLeg,0,-0.8707428574562073,-0.30553847551345825,0.3852967917919159,0,0.4886220395565033,-0.6256832480430603,0.6080866456031799,0,0.05527985841035843,0.7177513837814331,0.6941017508506775,0,0.054579999297857285,-0.044266000390052795,-0.00036800000816583633,1
B56,mixamorig_LeftLeg,55,0.9841024875640869,-0.13098058104515076,0.11994098871946335,0,0.14364352822303772,0.1898571103811264,-0.9712473750114441,0,0.10444289445877075,0.9730356335639954,0.2056533396244049,0,0,0.2833159863948822,0,1
B57,mixamorig_LeftFoot,56,0.9755362272262573,-0.10081897675991058,-0.19535811245441437,0,0.1965615451335907,0.002047463320195675,0.9804890155792236,0,-0.09845191240310669,-0.9949023127555847,0.021814508363604546,0,0,0.24336299300193787,0,1
B58,mixamorig_LeftToeBase,57,0.999419093132019,0.02761007286608219,-0.019983625039458275,0,-0.01297911535948515,0.8504481315612793,0.5258985757827759,0,0.031515125185251236,-0.52533358335495,0.8503122925758362,0,0,0.08242200314998627,0,1
B59,mixamorig_LeftToe_End,58,1,0,0,0,0,1,0,0,0,0,1,0,0,0.032836999744176865,0,1
B60,mixamorig_RightUpLeg,0,-0.9065123796463013,0.2638445496559143,-0.32957643270492554,0,-0.40198078751564026,-0.7780022621154785,0.4828284978866577,0,-0.12901966273784637,0.5701739192008972,0.8113299608230591,0,-0.054579999297857285,-0.044266000390052795,0.004178000148385763,1
B61,mixamorig_RightLeg,60,0.9884601831436157,0.05141124874353409,0.14249065518379211,0,0.1063583716750145,0.4342522621154785,-0.8944900035858154,0,-0.10786377638578415,0.899323046207428,0.4237731993198395,0,0,0.26787498593330383,0,1
B62,mixamorig_RightFoot,61,0.9247377514839172,0.32478657364845276,0.19842945039272308,0,-0.2030836045742035,-0.0198756605386734,0.9789596199989319,0,0.32189667224884033,-0.9455782175064087,0.047579023987054825,0,0,0.22586800158023834,0,1
B63,mixamorig_RightToeBase,62,0.9994670152664185,-0.022445373237133026,0.023715320974588394,0,0.006580996792763472,0.8498480319976807,0.5269870162010193,0,-0.03198281675577164,-0.5265496969223022,0.8495422005653381,0,0,0.08159500360488892,0,1
B64,mixamorig_RightToe_End,63,1,0,0,0,0,1,0,0,0,0,1,0,0,0.03182800114154816,0,1
@52,0,1,2,3,4,5,7,8,9,10,11,12,13,15,16,17,19,20,21,23,24,25,27,28,29,31,32,33,34,35,36,37,39,40,41,43,44,45,47,48,49,51,52,53,55,56,57,58,60,61,62,63
K0,0.519338071346283,-0.023956097662448883,0.854232907295227,0,-0.008020099252462387,0.999426007270813,0.032903775572776794,0,-0.8545310497283936,-0.0239392202347517,0.5188479423522949,0,0.0072130002081394196,0.4908300042152405,0.016096999868750572,1,0.9987459182739258,0.0463331900537014,-0.018975134938955307,0,-0.040640804916620255,0.971566915512085,0.23325027525424957,0,0.02924286015331745,-0.2321867197751999,0.9722320437431335,0,0,0.07960599660873413,0.0029090000316500664,1,0.9952400326728821,-0.09679994732141495,-0.011241973377764225,0,0.09740205854177475,0.9844620227813721,0.14610819518566132,0,-0.003075971733778715,-0.14650776982307434,0.989205002784729,0,0,0.0929350033402443,0,1,0.9952409863471985,-0.09678754955530167,-0.011282355524599552,0,0.0973944440484047,0.984404981136322,0.14649364352226257,0,-0.0030723554082214832,-0.14689534902572632,0.9891469478607178,0,0,0.10621199756860733,0,1,0.8858391046524048,0.02525784634053707,-0.4633048176765442,0,-0.18930216133594513,0.9313079714775085,-0.31117403507232666,0,0.42362016439437866,0.36335498094558716,0.8297709226608276,0,0,0.11948800086975098,0,1,0.9014267921447754,-0.0581800602376461,-0.4290042519569397,0,0.050538938492536545,0.9982950687408447,-0.02919250726699829,0,0.42997169494628906,0.004633492790162563,0.9028311371803284,0,0,0.030191000550985336,0.005729000084102154,1,0.259170264005661,-0.09444885700941086,-0.9612019658088684,0,0.8551418781280518,-0.4401732087135315,0.2738250494003296,0,-0.4489581286907196,-0.8929319381713867,-0.03331262618303299,0,0.024251999333500862,0.11364100128412247,0.0015780000248923898,1,0.9462310075759888,0.020544201135635376,0.32284027338027954,0,-0.09458480775356293,0.9719400405883789,0.21537379920482635,0,-0.3093567192554474,-0.23432917892932892,0.9216230511665344,0,0,0.08369699865579605,0,1,0.7378179430961609,0.6734240651130676,-0.046099819242954254,0,-0.6732759475708008,0.7293370366096497,-0.12151797860860825,0,-0.04821081459522247,0.12069602310657501,0.9915180206298828,0,0,0.15276600420475006,0,1,0.9808580279350281,0.03915220499038696,-0.19074895977973938,0,-0.08739079535007477,0.9638959765434265,-0.2515311539173126,0,0.17401406168937683,0.2633858919143677,0.9488660097122192,0,0,0.15560699999332428,0,1,0.7587502002716064,0.6482277512550354,-0.06402495503425598,0,-0.6009602546691895,0.734545886516571,0.31510186195373535,0,0.2512870728969574,-0.20060716569423676,0.9468960165977478,0,-0.012005000375211239,0.017687000334262848,0.006289999932050705,1,0.9501829147338867,-0.2818690538406372,0.13304591178894043,0,0.27678394317626953,0.9593179821968079,0.05567014217376709,0,-0.1433250904083252,-0.01607186160981655,0.9895449876785278,0,-0.00020300000323913991,0.01782499998807907,0,1,0.9970120191574097,-0.0745299905538559,-0.020284317433834076,0,0.07382102310657501,0.9967020153999329,-0.033708058297634125,0,0.02272968553006649,0.03210993856191635,0.9992259740829468,0,0.0004250000056345016,0.016036000102758408,0,1,0.9692109227180481,0.08021315187215805,-0.23279902338981628,0,-0.1252148300409317,0.9746360182762146,-0.18548600375652313,0,0.21201594173908234,0.2089250087738037,0.9546719789505005,0,-0.015014000236988068,0.06937500089406967,-0.00023400000645779073,1,0.9999510049819946,-0.00972362793982029,0.001692662830464542,0,0.007451371755450964,0.8562040328979492,0.5165838599205017,0,-0.00647233659401536,-0.5165461301803589,0.8562349081039429,0,-0.000037000001611886546,0.009588000364601612,0,1,0.9999740123748779,0.0017741923220455647,0.007054081652313471,0,-0.005264807026833296,0.845704972743988,0.5336239337921143,0,-0.005018918309360743,-0.5336470007896423,0.845691978931427,0,-0.00003300000025774352,0.009341999888420105,0,1,0.9866249561309814,0.06859526038169861,-0.14786817133426666,0,-0.06834772974252701,0.997639000415802,0.006760941352695227,0,0.14798283576965332,0.003435940947383642,0.9889839887619019,0,-0.00456599984318018,0.07043100148439407,-0.000750000006519258,1,0.9998459815979004,-0.016676954925060272,-0.005411047954112291,0,0.01715504378080368,0.8668228983879089,0.49832025170326233,0,-0.003620047587901354,-0.4983367323875427,0.8669761419296265,0,0,0.01130400039255619,0,1,0.9998829960823059,-0.010930840857326984,-0.0106870848685503,0,0.015287159942090511,0.7149930000305176,0.6989648938179016,0,0,-0.6990460157394409,0.7150759696960449,0,0.000035000000934815034,0.011048000305891037,0,1,0.9955989122390747,0.002531327772885561,-0.09367707371711731,0,0.02215832844376564,0.9649291038513184,0.26157262921333313,0,0.09105392545461655,-0.2624973654747009,0.9606269001960754,0,0.005927000194787979,0.07049799710512161,-0.001155999954789877,1,0.9998419880867004,-0.01734039932489395,-0.003970959223806858,0,0.01699259877204895,0.8649140000343323,0.5016318559646606,0,-0.005263958591967821,-0.5016200542449951,0.8650719523429871,0,0,0.009239999577403069,0,1,0.9994649887084961,-0.029948843643069267,-0.013156052678823471,0,0.03104015626013279,0.7414242029190063,0.6703188419342041,0,-0.010321052744984627,-0.6703682541847229,0.7419568300247192,0,0.000009000000318337698,0.008469999767839909,0,1,0.9850820302963257,-0.08363819867372513,0.15039555728435516,0,0.04554779827594757,0.9694990515708923,0.2408238798379898,0,-0.1659504622220993,-0.23038116097450256,0.9588459134101868,0,0.013652999885380268,0.06073300167918205,-0.00022699999681208283,1,0.9983819723129272,-0.05155916512012482,-0.02397804707288742,0,0.0528908371925354,0.6872262954711914,0.7245147824287415,0,-0.020877046510577202,-0.7246111631393433,0.6888417601585388,0,0.00004999999873689376,0.00865700002759695,0,1,0.9984089732170105,-0.050851114094257355,-0.024376552551984787,0,0.052796877920627594,0.6910411715507507,0.720883846282959,0,-0.019812552258372307,-0.7210241556167603,0.6926267743110657,0,-0.000014999999621068127,0.007977000437676907,0,1,0.16218407452106476,0.10374731570482254,0.9812909960746765,0,-0.8825401663780212,-0.42957475781440735,0.19127988815307617,0,0.4413829445838928,-0.8970521092414856,0.021890945732593536,0,-0.024251999333500862,0.11354199796915054,-0.0011470000026747584,1,0.6391547322273254,0.15175779163837433,-0.7539562582969666,0,0.0749237984418869,0.9633880257606506,0.2574281096458435,0,0.7654198408126831,-0.22102585434913635,0.6043842434883118,0,0,0.08369699865579605,0,1,-0.3290201723575592,-0.9225379228591919,-0.2016652673482895,0,0.9391469359397888,-0.3419962525367737,0.03226257115602493,0,-0.09873229265213013,-0.17877843976020813,0.9789230823516846,0,0,0.15240700542926788,0,1,0.9816700220108032,-0.1422228217124939,-0.12687203288078308,0,0.1202341765165329,0.978641927242279,-0.16674232482910156,0,0.14787693321704865,0.148431658744812,0.9778040051460266,0,0,0.1556140035390854,0,1,0.7463422417640686,-0.6594887375831604,0.08970576524734497,0,0.6170691847801208,0.7361548542976379,0.27803176641464233,0,-0.24939623475074768,-0.15215222537517548,0.9563738703727722,0,0.011339999735355377,0.017806999385356903,0.006459000054746866,1,0.9486549496650696,0.2820571959018707,-0.14317138493061066,0,-0.2749488055706024,0.9590770602226257,0.06763270497322083,0,0.15638861060142517,-0.024795295670628548,0.9873840808868408,0,0.0006210000137798488,0.017650999128818512,0,1,0.9941600561141968,0.10664673894643784,0.01650889404118061,0,-0.10438526421785355,0.9891219139099121,-0.10363925993442535,0,-0.027382105588912964,0.10131074488162994,0.9944780468940735,0,0.0008079999824985862,0.016551999375224113,0,1,0.90208899974823,-0.26381805539131165,0.3415190577507019,0,0.3350619375705719,0.9269140362739563,-0.16900672018527985,0,-0.2719719409942627,0.2668892741203308,0.9245549440383911,0,0.01464099995791912,0.07246299833059311,0.00034500000765547156,1,0.9999009966850281,0.013654230162501335,-0.003282771212980151,0,-0.011966768652200699,0.9507748484611511,0.3096514642238617,0,0.007349228486418724,-0.3095815181732178,0.9508441090583801,0,-0.00004999999873689376,0.008921000175178051,0,1,0.9999120235443115,0.01259563397616148,0.004148988053202629,0,-0.013210365548729897,0.9186480641365051,0.394854873418808,0,0.0011619881261140108,-0.39487507939338684,0.9187339544296265,0,-0.000022000000171829015,0.00836899969726801,0,1,0.9908280372619629,-0.11614990234375,0.06906478106975555,0,0.12266509979963303,0.9874899983406067,-0.0990830585360527,0,-0.0566922202706337,0.10664595663547516,0.9926789999008179,0,0.005561999976634979,0.07470999658107758,-0.0013729999773204327,1,0.9999179840087891,0.010840922594070435,0.00675998954102397,0,-0.012726075947284698,0.8918449878692627,0.452161967754364,0,-0.0011270098621025681,-0.45221102237701416,0.8919099569320679,0,-0.00002099999983329326,0.009185000322759151,0,1,0.9999540448188782,0.0011980353156104684,0.009536840952932835,0,-0.006937965285032988,0.7766510248184204,0.6298931241035461,0,-0.00665215915068984,-0.6299299597740173,0.7766230702400208,0,0.00002700000004551839,0.009095000103116035,0,1,0.9864529967308044,0.100662961602211,-0.12952689826488495,0,-0.08771802484989166,0.9909049272537231,0.10204613208770752,0,0.13862109184265137,-0.08930186182260513,0.9863110184669495,0,-0.006051999982446432,0.06717199832201004,-0.0009280000231228769,1,0.9999889135360718,0.004435923416167498,-0.0017119740368798375,0,-0.0032270753290504217,0.8975988626480103,0.4408012330532074,0,0.003492026124149561,-0.4407907724380493,0.8976030945777893,0,-0.000050999999075429514,0.010259999893605709,0,1,0.9994509816169739,0.029514970257878304,0.01503200177103281,0,-0.03292402625083923,0.835663914680481,0.5482540726661682,0,0.003620001720264554,-0.5484480261802673,0.8361769914627075,0,-0.00005900000178371556,0.010266000404953957,0,1,0.8996680378913879,0.2655816376209259,-0.34650200605392456,0,-0.20913133025169373,0.9588649272918701,0.19194164872169495,0,0.3832249939441681,-0.10021937638521194,0.9182020425796509,0,-0.014151000417768955,0.05815799906849861,0.00025099999038502574,1,0.9995430111885071,0.02896364964544773,0.008631871081888676,0,-0.02835734933614731,0.8000080585479736,0.5993179678916931,0,0.010452871210873127,-0.599289059638977,0.8004639744758606,0,-0.00005700000110664405,0.009421000257134438,0,1,0.9994540214538574,0.026810891926288605,0.019309397786855698,0,-0.03303810954093933,0.8038699626922607,0.5938870906829834,0,0.00040039897430688143,-0.5942010283470154,0.804317057132721,0,-0.000007000000096013537,0.008631999604403973,0,1,-0.8731967806816101,-0.3104659914970398,0.37568339705467224,0,0.48447296023368835,-0.6368370652198792,0.5997709631919861,0,0.053040601313114166,0.7057260274887085,0.706496000289917,0,0.054579999297857285,-0.044266000390052795,-0.00036800000816583633,1,0.9822480082511902,-0.14635521173477173,0.11734085530042648,0,0.14669975638389587,0.2094656229019165,-0.9667490720748901,0,0.11690986156463623,0.9668008685112,0.22721737623214722,0,0,0.2833159863948822,0,1,0.9772908687591553,-0.08430632203817368,-0.19440925121307373,0,0.19546768069267273,0.004407987464219332,0.9807000756263733,0,-0.08182225376367569,-0.996429979801178,0.02078704535961151,0,0,0.24336299300193787,0,1,0.9995219707489014,0.02589145116508007,-0.016895132139325142,0,-0.013298552483320236,0.8534049987792969,0.5210790634155273,0,0.02790987119078636,-0.5206050276756287,0.8533409833908081,0,0,0.08242200314998627,0,1,-0.8991851210594177,0.2596609890460968,-0.35219651460647583,0,-0.40366899967193604,-0.8028879761695862,0.4386598467826843,0,-0.16887147724628448,0.5366071462631226,0.8267619013786316,0,-0.054579999297857285,-0.044266000390052795,0.004178000148385763,1,0.9895769953727722,0.02823108620941639,0.14120997488498688,0,0.111313097178936,0.4721558690071106,-0.8744590878486633,0,-0.09136004000902176,0.8810629844665527,0.4640920162200928,0,0,0.26787498593330383,0,1,0.9187390208244324,0.3340221643447876,0.21058990061283112,0,-0.21744586527347565,-0.017193816602230072,0.9759210348129272,0,0.32959991693496704,-0.94240802526474,0.05683508142828941,0,0,0.22586800158023834,0,1,0.9994800090789795,-0.022373154759407043,0.02321414276957512,0,0.006829847581684589,0.8506160974502563,0.525742769241333,0,-0.03150885924696922,-0.5253111124038696,0.8503268957138062,0,0,0.08159500360488892,0,1
K0.033,0.5179809331893921,-0.025441104546189308,0.8550140261650085,0,-0.008245102129876614,0.9993630051612854,0.03473125025629997,0,-0.8553529381752014,-0.025039799511432648,0.5174411535263062,0,0.007045998703688383,0.49058499932289124,0.016834009438753128,1,0.9986739754676819,0.04769289121031761,-0.01935824565589428,0,-0.04191913828253746,0.9718599915504456,0.2318008840084076,0,0.029868774116039276,-0.2306821346282959,0.9725710153579712,0,0,0.07960599660873413,0.0029090000316500664,1,0.9953699707984924,-0.09536706656217575,-0.01195907685905695,0,0.09609591215848923,0.9850360155105591,0.1430700570344925,0,-0.0018640512134879827,-0.14355690777301788,0.9896399974822998,0,0,0.0929350033402443,0,1,0.9953709840774536,-0.09535407274961472,-0.011997670866549015,0,0.09608788043260574,0.9849809408187866,0.1434560865163803,0,-0.001861645607277751,-0.1439448893070221,0.9895840883255005,0,0,0.10621199756860733,0,1,0.8903351426124573,0.025884931907057762,-0.4545687437057495,0,-0.18662503361701965,0.93140709400177,-0.3124927282333374,0,0.41530001163482666,0.363057404756546,0.8340958952903748,0,0,0.11948800086975098,0,1,0.9052630066871643,-0.056469619274139404,-0.421081006526947,0,0.04796432703733444,0.9983749389648438,-0.03077203407883644,0,0.42213475704193115,0.0076599204912781715,0.9065011143684387,0,0,0.030191000550985336,0.005729000084102154,1,0.2541961967945099,-0.08902415633201599,-0.9630469083786011,0,0.8552969694137573,-0.44415897130966187,0.26681363582611084,0,-0.451498806476593,-0.8915140628814697,-0.03676135092973709,0,0.024251999333500862,0.11364100128412247,0.0015780000248923898,1,0.9448699355125427,0.011574714444577694,0.3272411823272705,0,-0.08927496522665024,0.9706208109855652,0.22343941032886505,0,-0.3150409758090973,-0.24033571779727936,0.918144166469574,0,0,0.08369699865579605,0,1,0.7316319346427917,0.6807061433792114,-0.03678743541240692,0,-0.6793642044067383,0.7235997915267944,-0.12193679064512253,0,-0.056383728981018066,0.11420491337776184,0.991856038570404,0,0,0.15276600420475006,0,1,0.9801879525184631,0.04228506609797478,-0.19350329041481018,0,-0.09001500904560089,0.9653299450874329,-0.24502213299274445,0,0.1764337569475174,0.25758594274520874,0.950011134147644,0,0,0.15560699999332428,0,1,0.7591680884361267,0.6477358937263489,-0.06404716521501541,0,-0.5993319749832153,0.7340189218521118,0.3194001317024231,0,0.25389885902404785,-0.20409296452999115,0.9454530477523804,0,-0.012005000375211239,0.017687000334262848,0.006289999932050705,1,0.9500740766525269,-0.2822539806365967,0.13301058113574982,0,0.2771790325641632,0.9592069983482361,0.055630072951316833,0,-0.14328640699386597,-0.015984931960701942,0.9895519614219666,0,-0.00020300000323913991,0.01782499998807907,0,1,0.9970120191574097,-0.0745370164513588,-0.020284779369831085,0,0.07382799685001373,0.9967010021209717,-0.033706147223711014,0,0.02273022010922432,0.03210785612463951,0.9992260336875916,0,0.0004250000056345016,0.016036000102758408,0,1,0.969205915927887,0.07836271077394485,-0.23345214128494263,0,-0.12259236723184586,0.9757318496704102,-0.18143442273139954,0,0.21356883645057678,0.20446662604808807,0.9552910327911377,0,-0.015014000236988068,0.06937500089406967,-0.00023400000645779073,1,0.9999510049819946,-0.009745903313159943,0.0016980962827801704,0,0.007455097511410713,0.855205237865448,0.518236517906189,0,-0.006502902135252953,-0.5181983113288879,0.855235755443573,0,-0.000037000001611886546,0.009588000364601612,0,1,0.9999729990959167,0.0017109827604144812,0.007100953254848719,0,-0.005255018826574087,0.8437411189079285,0.536723792552948,0,-0.005073044914752245,-0.5367470383644104,0.8437279462814331,0,-0.00003300000025774352,0.009341999888420105,0,1,0.9868209958076477,0.0655721127986908,-0.14793604612350464,0,-0.06509192287921906,0.9978460073471069,0.008089960552752018,0,0.14814794063568115,0.001646098680794239,0.9889640808105469,0,-0.00456599984318018,0.07043100148439407,-0.000750000006519258,1,0.9998460412025452,-0.016692031174898148,-0.005435146391391754,0,0.017174966633319855,0.8661119341850281,0.49955520033836365,0,-0.003631146624684334,-0.49957165122032166,0.8662651777267456,0,0,0.01130400039255619,0,1,0.9998830556869507,-0.010939942672848701,-0.010721961036324501,0,0.015318053774535656,0.7138301134109497,0.7001518607139587,0,-0.000005963061994407326,-0.7002339363098145,0.7139139175415039,0,0.000035000000934815034,0.011048000305891037,0,1,0.995622992515564,-0.002397101605311036,-0.0934320017695427,0,0.026705916970968246,0.9652890563011169,0.2598160207271576,0,0.08956599235534668,-0.2611737549304962,0.9611270427703857,0,0.005927000194787979,0.07049799710512161,-0.001155999954789877,1,0.9998409748077393,-0.017368383705615997,-0.003996085375547409,0,0.017023609951138496,0.8643590211868286,0.5025879144668579,0,-0.0052750855684280396,-0.5025758743286133,0.8645170331001282,0,0,0.009239999577403069,0,1,0.9994649291038513,-0.02995171956717968,-0.013160071335732937,0,0.031044278293848038,0.7413790225982666,0.670367956161499,0,-0.01032207254320383,-0.6704177856445312,0.7419121265411377,0,0.000009000000318337698,0.008469999767839909,0,1,0.9844549298286438,-0.08939290046691895,0.15118806064128876,0,0.05200813710689545,0.9705520272254944,0.23520898818969727,0,-0.1677619218826294,-0.22368969023227692,0.9601141214370728,0,0.013652999885380268,0.06073300167918205,-0.00022699999681208283,1,0.998384952545166,-0.0515243262052536,-0.023935917764902115,0,0.05285167321562767,0.6877619624137878,0.724010169506073,0,-0.020841918885707855,-0.7241058349609375,0.6893742680549622,0,0.00004999999873689376,0.00865700002759695,0,1,0.9984170198440552,-0.05074666067957878,-0.024247843772172928,0,0.05267733708024025,0.6927100419998169,0.7192898988723755,0,-0.019704846665263176,-0.7194290161132812,0.694287121295929,0,-0.000014999999621068127,0.007977000437676907,0,1,0.16278012096881866,0.09795763343572617,0.9817879796028137,0,-0.8820797801017761,-0.43139851093292236,0.18929122388362885,0,0.44208428263664246,-0.8968278765678406,0.01618330553174019,0,-0.024251999333500862,0.11354199796915054,-0.0011470000026747584,1,0.6333527565002441,0.16122032701969147,-0.7568830847740173,0,0.06581103801727295,0.9632940292358398,0.2602570652961731,0,0.771060049533844,-0.2146458774805069,0.5994951128959656,0,0,0.08369699865579605,0,1,-0.3318539261817932,-0.910135805606842,-0.24804583191871643,0,0.9371829032897949,-0.34806138277053833,0.023283207789063454,0,-0.10752600431442261,-0.22473758459091187,0.9684688448905945,0,0,0.15240700542926788,0,1,0.982716977596283,-0.14594829082489014,-0.11387249082326889,0,0.12661288678646088,0.9786851406097412,-0.1616966277360916,0,0.13504460453987122,0.1444842517375946,0.9802490472793579,0,0,0.1556140035390854,0,1,0.7303606867790222,-0.6790533065795898,0.07389892637729645,0,0.6358460783958435,0.715408980846405,0.2896369695663452,0,-0.24954691529273987,-0.16455113887786865,0.9542800784111023,0,0.011339999735355377,0.017806999385356903,0.006459000054746866,1,0.9485390782356262,0.28246307373046875,-0.14313682913780212,0,-0.27536794543266296,0.9589600563049316,0.06758257746696472,0,0.1563521921634674,-0.024689434096217155,0.9873929619789124,0,0.0006210000137798488,0.017650999128818512,0,1,0.9940620064735413,0.1075650230050087,0.016475815325975418,0,-0.10529489070177078,0.9889979958534241,-0.10390590876340866,0,-0.027471179142594337,0.10155406594276428,0.9944510459899902,0,0.0008079999824985862,0.016551999375224113,0,1,0.9037200212478638,-0.26189717650413513,0.3386749029159546,0,0.3200257122516632,0.9387162327766418,-0.12804758548736572,0,-0.284384161233902,0.22410373389720917,0.9321500062942505,0,0.01464099995791912,0.07246299833059311,0.00034500000765547156,1,0.9999030232429504,0.013483038172125816,-0.0035526263527572155,0,-0.011510955169796944,0.9420179724693298,0.3353648781776428,0,0.00786837562918663,-0.33529147505760193,0.942081868648529,0,-0.00004999999873689376,0.008921000175178051,0,1,0.9999169707298279,0.012210859917104244,0.004181095398962498,0,-0.012836136855185032,0.9069548845291138,0.4210313856601715,0,0.0013490899000316858,-0.42104998230934143,0.9070360660552979,0,-0.000022000000171829015,0.00836899969726801,0,1,0.9925739765167236,-0.10014249384403229,0.06904695928096771,0,0.10444720834493637,0.9926060438156128,-0.06183524429798126,0,-0.06234412267804146,0.06858784705400467,0.9956949949264526,0,0.005561999976634979,0.07470999658107758,-0.0013729999773204327,1,0.9999150037765503,0.010969243012368679,0.0070459553971886635,0,-0.012998761609196663,0.8803198337554932,0.4742032587528229,0,-0.0010010424302890897,-0.47425416111946106,0.8803869485855103,0,-0.00002099999983329326,0.009185000322759151,0,1,0.9999510049819946,0.0012551994295790792,0.009828832931816578,0,-0.007342806085944176,0.7599096894264221,0.6499863862991333,0,-0.006653165910393,-0.6500269770622253,0.7598819732666016,0,0.00002700000004551839,0.009095000103116035,0,1,0.9844670295715332,0.12585628032684326,-0.12241455912590027,0,-0.10857619345188141,0.9843448400497437,0.13884206116199493,0,0.13797226548194885,-0.12339411675930023,0.9827199578285217,0,-0.006051999982446432,0.06717199832201004,-0.0009280000231228769,1,0.999987006187439,0.004737045615911484,-0.0017128362087532878,0,-0.0034059640020132065,0.8863857984542847,0.4629341661930084,0,0.003711175173521042,-0.46292245388031006,0.8863906860351562,0,-0.000050999999075429514,0.010259999893605709,0,1,0.9994490742683411,0.02939087338745594,0.015451117418706417,0,-0.03295712545514107,0.8213219046592712,0.5695122480392456,0,0.004048117436468601,-0.569707453250885,0.8218377828598022,0,-0.00005900000178371556,0.010266000404953957,0,1,0.8943977952003479,0.2974877953529358,-0.33399567008018494,0,-0.23054291307926178,0.9465247392654419,0.22569894790649414,0,0.3832780718803406,-0.1248643770813942,0.9151539206504822,0,-0.014151000417768955,0.05815799906849861,0.00025099999038502574,1,0.9995219111442566,0.029534824192523956,0.009184171445667744,0,-0.0288831926882267,0.7850656509399414,0.6187393665313721,0,0.011064172722399235,-0.6187083125114441,0.7855427265167236,0,-0.00005700000110664405,0.009421000257134438,0,1,0.9994300007820129,0.027144206687808037,0.02009081281721592,0,-0.033760812133550644,0.7888284921646118,0.613685667514801,0,0.0008098073885776103,-0.6140139698982239,0.7892950177192688,0,-0.000007000000096013537,0.008631999604403973,0,1,-0.87347012758255,-0.3117857277393341,0.3739517629146576,0,0.48431816697120667,-0.635064959526062,0.60177081823349,0,0.049860116094350815,0.7067403197288513,0.7057137489318848,0,0.054579999297857285,-0.044266000390052795,-0.00036800000816583633,1,0.9826040863990784,-0.14311161637306213,0.11836070567369461,0,0.1464003324508667,0.2047629952430725,-0.9678009152412415,0,0.11426764726638794,0.9682931900024414,0.22215254604816437,0,0,0.2833159863948822,0,1,0.9769420027732849,-0.08658149838447571,-0.19516384601593018,0,0.19625654816627502,0.00421213498339057,0.9805430769920349,0,-0.08407484740018845,-0.9962359070777893,0.021107198670506477,0,0,0.24336299300193787,0,1,0.9995829463005066,0.024651458486914635,-0.015040101483464241,0,-0.013178521767258644,0.8528460264205933,0.521996021270752,0,0.025694847106933594,-0.5215799808502197,0.8528149724006653,0,0,0.08242200314998627,0,1,-0.9015140533447266,0.2585328221321106,-0.3470347821712494,0,-0.400190144777298,-0.8032318353652954,0.4412101209163666,0,-0.164682075381279,0.5366369485855103,0.8275870084762573,0,-0.054579999297857285,-0.044266000390052795,0.004178000148385763,1,0.9895970225334167,0.02375398389995098,0.1418897658586502,0,0.1141490712761879,0.47063595056533813,-0.8749120235443115,0,-0.08756118267774582,0.8820080161094666,0.46302902698516846,0,0,0.26787498593330383,0,1,0.9164741039276123,0.3398091793060303,0.21119633316993713,0,-0.21881599724292755,-0.016216561198234558,0.975631058216095,0,0.3349533975124359,-0.9403542280197144,0.059493642300367355,0,0,0.22586800158023834,0,1,0.9995059370994568,-0.021865002810955048,0.02255917340517044,0,0.006685985252261162,0.8496609926223755,0.527286946773529,0,-0.030696799978613853,-0.5268759727478027,0.8493879437446594,0,0,0.08159500360488892,0,1
