1.800,30,53,65
B0,mixamorig_Hips,-1,0.11743684113025665,-0.4239928126335144,0.8980191349983215,0,-0.06261403113603592,0.8993161916732788,0.4327934682369232,0,-0.9911045432090759,-0.10705452412366867,0.07906495034694672,0,0.012382736429572105,0.5059594511985779,-0.030261922627687454,1
B1,mixamorig_Spine,0,0.9972660541534424,-0.056064341217279434,0.04813559725880623,0,0.05262959003448486,0.9961663484573364,0.06987981498241425,0,-0.05186884105205536,-0.06715542078018188,0.9963937401771545,0,0,0.07960599660873413,0.0029090000316500664,1
B2,mixamorig_Spine1,1,0.9867249727249146,-0.12693779170513153,0.10129418224096298,0,0.12029094249010086,0.990320086479187,0.06925349682569504,0,-0.10910458117723465,-0.056149400770664215,0.9924432635307312,0,0,0.0929350033402443,0,1
B3,mixamorig_Spine2,2,0.9866573214530945,-0.12637466192245483,0.1026502400636673,0,0.11976239085197449,0.9904550909996033,0.06823158264160156,0,-0.11029321700334549,-0.055027566850185394,0.992374837398529,0,0,0.10621199756860733,0,1
B4,mixamorig_Neck,3,0.9915381073951721,-0.12112563103437424,-0.046706609427928925,0,0.1002078503370285,0.9428484439849854,-0.31779685616493225,0,0.08253060281276703,0.31042733788490295,0.947007954120636,0,0,0.11948800086975098,0,1
B5,mixamorig_Head,4,0.968733012676239,-0.1472909301519394,-0.19965200126171112,0,0.08611787110567093,0.9543004035949707,-0.28617075085639954,0,0.23267850279808044,0.2600296139717102,0.937147319316864,0,0,0.030191000550985336,0.005729000084102154,1
B6,mixamorig_HeadTop_End,5,1,0,0,0,0,1,0,0,0,0,1,0,0,0.16785000264644623,0.03185199946165085,1
B7,mixamorig_LeftShoulder,3,-0.02168065868318081,0.0089095588773489,-0.9997251033782959,0,0.8234449625015259,-0.5669336915016174,-0.02291025035083294,0,-0.566982090473175,-0.8237154483795166,0.004954960662871599,0,0.024251999333500862,0.11364100128412247,0.0015780000248923898,1
B8,mixamorig_LeftArm,7,0.5079358816146851,-0.4865133464336395,0.7108485698699951,0,-0.03823648393154144,0.8116817474365234,0.5828465819358826,0,-0.8605459928512573,-0.32322925329208374,0.3936799466609955,0,0,0.08369699865579605,0,1
B9,mixamorig_LeftForeArm,8,-0.5851295590400696,0.7589163184165955,-0.2857778072357178,0,-0.7586281299591064,-0.6367889046669006,-0.1377776861190796,0,-0.2865420877933502,0.13618138432502747,0.948340117931366,0,0,0.15276600420475006,0,1
B10,mixamorig_LeftHand,9,0.7600702047348022,-0.12560386955738068,0.6375871896743774,0,0.09004083275794983,0.9920343160629272,0.08809147775173187,0,-0.643572986125946,-0.009546834975481033,0.7653252482414246,0,0,0.15560699999332428,0,1
B11,mixamorig_LeftHandThumb1,10,0.8655518889427185,0.49955132603645325,-0.03561824932694435,0,-0.4939137101173401,0.8632251620292664,0.10436609387397766,0,0.08288275450468063,-0.07274190336465836,0.9939010739326477,0,-0.012005000375211239,0.017687000334262848,0.006289999932050705,1
B12,mixamorig_LeftHandThumb2,11,0.9929799437522888,-0.11825720220804214,-0.002328175352886319,0,0.11827979981899261,0.9928299784660339,0.01725609600543976,0,0.00027082476299256086,-0.017410337924957275,0.999847948551178,0,-0.00020300000323913991,0.01782499998807907,0,1
B13,mixamorig_LeftHandThumb3,12,0.9975429177284241,-0.07002372294664383,0.002340910490602255,0,0.07005927711725235,0.9966009259223938,-0.043326232582330704,0,0.0007009105174802244,0.043383773416280746,0.9990580081939697,0,0.0004250000056345016,0.016036000102758408,0,1
B14,mixamorig_LeftHandThumb4,13,1,0,0,0,0,1,0,0,0,0,1,0,-0.00022200000239536166,0.013601000420749187,0,1
B15,mixamorig_LeftHandIndex1,10,0.999144971370697,0.04117148369550705,-0.0038362895138561726,0,-0.0398559533059597,0.9836069345474243,0.1758681982755661,0,0.011014146730303764,-0.17556478083133698,0.9844059944152832,0,-0.015014000236988068,0.06937500089406967,-0.00023400000645779073,1
B16,mixamorig_LeftHandIndex2,15,0.9997090101242065,-0.024022722616791725,-0.0022500043269246817,0,0.024022718891501427,0.9823189973831177,0.1856670081615448,0,-0.0022500043269246817,-0.1856669783592224,0.9826099872589111,0,-0.000037000001611886546,0.009588000364601612,0,1
B17,mixamorig_LeftHandIndex3,16,0.9999390244483948,-0.01103302650153637,-0.00106547842733562,0,0.011038974858820438,0.9825450778007507,0.1856967806816101,0,-0.0010019168257713318,-0.18569722771644592,0.9826070070266724,0,-0.00003300000025774352,0.009341999888420105,0,1
B18,mixamorig_LeftHandIndex4,17,1,0,0,0,0,1,0,0,0,0,1,0,0.00007000000186963007,0.007697000168263912,0,1
B19,mixamorig_LeftHandMiddle1,10,0.9990350008010864,0.043895963579416275,-0.0016240635886788368,0,-0.04313303902745247,0.987322986125946,0.1527479737997055,0,0.008308499120175838,-0.15253059566020966,0.9882640838623047,0,-0.00456599984318018,0.07043100148439407,-0.000750000006519258,1
B20,mixamorig_LeftHandMiddle2,19,0.999675989151001,-0.025346999987959862,-0.0024730272125452757,0,0.025346999987959862,0.9808200001716614,0.1932624727487564,0,-0.0024730272125452757,-0.19326239824295044,0.9811440110206604,0,0,0.01130400039255619,0,1
B21,mixamorig_LeftHandMiddle3,20,0.9996569752693176,-0.026050018146634102,-0.0026133875362575054,0,0.026049982756376266,0.9797289967536926,0.19862699508666992,0,-0.0026138259563595057,-0.1986270248889923,0.980072021484375,0,0.000035000000934815034,0.011048000305891037,0,1
B22,mixamorig_LeftHandMiddle4,21,1,0,0,0,0,1,0,0,0,0,1,0,-0.000035000000934815034,0.00976799987256527,0,1
B23,mixamorig_LeftHandRing1,10,0.9991500377655029,0.03976086154580116,0.01091055478900671,0,-0.041028138250112534,0.9849950671195984,0.16763702034950256,0,-0.004081444814801216,-0.16794197261333466,0.9857879877090454,0,0.005927000194787979,0.07049799710512161,-0.001155999954789877,1
B24,mixamorig_LeftHandRing2,23,0.9995350241661072,-0.030306993052363396,-0.003216229612007737,0,0.03030700981616974,0.9772679805755615,0.20983104407787323,0,-0.003216229612007737,-0.20983093976974487,0.9777320027351379,0,9.999999974752427e-7,0.009239999577403069,0,1
B25,mixamorig_LeftHandRing3,24,0.9995080232620239,-0.031189996749162674,-0.0034087072126567364,0,0.031190000474452972,0.9759079813957214,0.21594402194023132,0,-0.0034087072126567364,-0.21594396233558655,0.9764000773429871,0,0.000009000000318337698,0.008469999767839909,0,1
B26,mixamorig_LeftHandRing4,25,1,0,0,0,0,1,0,0,0,0,1,0,-0.000009999999747378752,0.0076049999333918095,0,1
B27,mixamorig_LeftHandPinky1,10,0.9983760714530945,-0.04562532529234886,0.03412187099456787,0,0.03737823665142059,0.9765340089797974,0.21209700405597687,0,-0.042998138815164566,-0.21047700941562653,0.976652979850769,0,0.013652999885380268,0.06073300167918205,-0.00022699999681208283,1
B28,mixamorig_LeftHandPinky2,27,0.9996173977851868,0.02717980556190014,-0.005109124351292849,0,-0.025124190375208855,0.9696969389915466,0.24301613867282867,0,0.011559437029063702,-0.24279485642910004,0.9700090289115906,0,0.00004999999873689376,0.00865700002759695,0,1
B29,mixamorig_LeftHandPinky3,28,0.9990659952163696,-0.042912937700748444,-0.005004097241908312,0,0.04291306436061859,0.9722530245780945,0.22996196150779724,0,-0.005003097467124462,-0.2299620360136032,0.9731869697570801,0,-0.000014999999621068127,0.007977000437676907,0,1
B30,mixamorig_LeftHandPinky4,29,1,0,0,0,0,1,0,0,0,0,1,0,-0.000035000000934815034,0.0071020000614225864,0,1
B31,mixamorig_RightShoulder,3,-0.10741005092859268,0.01572670228779316,0.9940904378890991,0,-0.9179072380065918,-0.3857235610485077,-0.09307635575532913,0,0.3819803297519684,-0.9224802851676941,0.05586625263094902,0,-0.024251999333500862,0.11354199796915054,-0.0011470000026747584,1
B32,mixamorig_RightArm,31,0.787046492099762,-0.606447160243988,-0.1130489856004715,0,0.5587801933288574,0.6231833100318909,0.5471807718276978,0,-0.261385977268219,-0.4938261806964874,0.8293448090553284,0,0,0.08369699865579605,0,1
B33,mixamorig_RightForeArm,32,-0.2693765163421631,-0.9620752930641174,-0.042981233447790146,0,0.9620932340621948,-0.27081814408302307,0.032155439257621765,0,-0.04257605969905853,-0.03269004449248314,0.9985584020614624,0,0,0.15240700542926788,0,1
B34,mixamorig_RightHand,33,0.9620858430862427,-0.27214503288269043,-0.018116656690835953,0,0.27096566557884216,0.9461105465888977,0.17734794318675995,0,-0.03112400695681572,-0.1755329817533493,0.9839816689491272,0,0,0.1556140035390854,0,1
B35,mixamorig_RightHandThumb1,34,0.8621319532394409,-0.4474731981754303,0.2376900315284729,0,0.45047876238822937,0.8916670680046082,0.044701091945171356,0,-0.23194295167922974,0.06853608042001724,0.9703119397163391,0,0.011339999735355377,0.017806999385356903,0.006459000054746866,1
B36,mixamorig_RightHandThumb2,35,0.9831860065460205,0.18253475427627563,-0.00519908731803298,0,-0.18233366310596466,0.9828689694404602,0.026898402720689774,0,0.010019912384450436,-0.0254981592297554,0.999625027179718,0,0.0006210000137798488,0.017650999128818512,0,1
B37,mixamorig_RightHandThumb3,36,0.9873179793357849,-0.15875419974327087,0.000021125248167663813,0,0.1586088091135025,0.9864080548286438,-0.042934074997901917,0,0.006795125547796488,0.042392928153276443,0.9990780353546143,0,0.0008079999824985862,0.016551999375224113,0,1
B38,mixamorig_RightHandThumb4,37,1,0,0,0,0,1,0,0,0,0,1,0,-0.001429000054486096,0.013016999699175358,0,1
B39,mixamorig_RightHandIndex1,34,0.9972540736198425,-0.07342902570962906,0.00963092502206564,0,0.07222598791122437,0.9930720329284668,0.09268632531166077,0,-0.016370076686143875,-0.09173624962568283,0.9956490397453308,0,0.01464099995791912,0.07246299833059311,0.00034500000765547156,1
B40,mixamorig_RightHandIndex2,39,0.9997210502624512,0.02362440526485443,-0.00001042574967868859,0,-0.02347647026181221,0.9935100078582764,0.11129233986139297,0,0.0026395744644105434,-0.11126109957695007,0.993787944316864,0,-0.00004999999873689376,0.008921000175178051,0,1
B41,mixamorig_RightHandIndex3,40,0.9996690154075623,0.025481048971414566,0.003578017931431532,0,-0.025720952078700066,0.9934599995613098,0.11124487966299057,0,-0.0007199819665402174,-0.11130012571811676,0.9937869310379028,0,-0.000022000000171829015,0.00836899969726801,0,1
B42,mixamorig_RightHandIndex4,41,1,0,0,0,0,1,0,0,0,0,1,0,0.00007200000254670158,0.007528000045567751,0,1
B43,mixamorig_RightHandMiddle1,34,0.9980300068855286,-0.06238185614347458,-0.006651946809142828,0,0.0627131536602974,0.9948829412460327,0.07921945303678513,0,0.0016760522266849875,-0.07948054373264313,0.9968349933624268,0,0.005561999976634979,0.07470999658107758,-0.0013729999773204327,1
B44,mixamorig_RightHandMiddle2,43,0.9998890161514282,0.014863564632833004,0.0008650249801576138,0,-0.014863559976220131,0.9931380152702332,0.11599600315093994,0,0.0008650249801576138,-0.11599601060152054,0.9932489991188049,0,-0.00002099999983329326,0.009185000322759151,0,1
B45,mixamorig_RightHandMiddle3,44,0.9998829960823059,0.015301003120839596,0.0009169111144728959,0,-0.015301001258194447,0.9927269816398621,0.11941403895616531,0,0.0009169111144728959,-0.11941397935152054,0.9928439855575562,0,0.00002700000004551839,0.009095000103116035,0,1
B46,mixamorig_RightHandMiddle4,45,1,0,0,0,0,1,0,0,0,0,1,0,-0.000007000000096013537,0.007675000000745058,0,1
B47,mixamorig_RightHandRing1,34,0.9974610805511475,-0.07099208980798721,-0.005700970068573952,0,0.07121791690587997,0.9935280084609985,0.0884893462061882,0,-0.0006179698975756764,-0.08867065608501434,0.9960610270500183,0,-0.006051999982446432,0.06717199832201004,-0.0009280000231228769,1
B48,mixamorig_RightHandRing2,47,0.9998700022697449,0.016112884506583214,-0.00003310501779196784,0,-0.015978116542100906,0.9917680025100708,0.12704500555992126,0,0.0020798949990421534,-0.12702801823616028,0.99189692735672,0,-0.000050999999075429514,0.010259999893605709,0,1
B49,mixamorig_RightHandRing3,48,0.9993000626564026,0.037298884242773056,0.002903030253946781,0,-0.0373581200838089,0.9907100200653076,0.13075703382492065,0,0.0020010299049317837,-0.13077396154403687,0.9914100170135498,0,-0.00005900000178371556,0.010266000404953957,0,1
B50,mixamorig_RightHandRing4,49,1,0,0,0,0,1,0,0,0,0,1,0,0.00011000000085914508,0.008937000297009945,0,1
B51,mixamorig_RightHandPinky1,34,0.9974969625473022,-0.0648212730884552,-0.028258144855499268,0,0.067804716527462,0.9902070164680481,0.12203624844551086,0,0.02007085457444191,-0.12364675104618073,0.9921230673789978,0,-0.014151000417768955,0.05815799906849861,0.00025099999038502574,1
B52,mixamorig_RightHandPinky2,51,0.9994959831237793,0.0317440889775753,0.0006122995400801301,0,-0.03151591122150421,0.9896050095558167,0.14031703770160675,0,0.0038482993841171265,-0.14026552438735962,0.9901059865951538,0,-0.00005700000110664405,0.009421000257134438,0,1
B53,mixamorig_RightHandPinky3,52,0.9994189739227295,0.0336921252310276,0.005217352882027626,0,-0.03409087285399437,0.989530086517334,0.14024285972118378,0,-0.00043764710426330566,-0.14033912122249603,0.9901029467582703,0,-0.000007000000096013537,0.008631999604403973,0,1
B54,mixamorig_RightHandPinky4,53,1,0,0,0,0,1,0,0,0,0,1,0,0.00006500000017695129,0.007710000034421682,0,1
B55,mixamorig_LeftUpLeg,0,-0.461690217256546,-0.6560285687446594,0.5970500111579895,0,0.8869796991348267,-0.3493705689907074,0.30200621485710144,0,0.01046705711632967,0.669004499912262,0.7431849837303162,0,0.054579999297857285,-0.044266000390052795,-0.00036800000816583633,1
B56,mixamorig_LeftLeg,55,0.98115473985672,0.18603326380252838,0.05222311615943909,0,-0.03659314662218094,0.4442785084247589,-0.8951407670974731,0,-0.18972760438919067,0.8763607144355774,0.44271358847618103,0,0,0.2833159863948822,0,1
B57,mixamorig_LeftFoot,56,0.8159524202346802,-0.5213069915771484,-0.24992065131664276,0,0.3315056264400482,0.0677390918135643,0.9410184621810913,0,-0.47363004088401794,-0.8506762385368347,0.22808805108070374,0,0,0.24336299300193787,0,1
B58,mixamorig_LeftToeBase,57,0.9998579621315002,-0.001045827753841877,-0.01681489683687687,0,0.010019968263804913,0.8392757773399353,0.543613612651825,0,0.013543815352022648,-0.5437051057815552,0.8391674160957336,0,0,0.08242200314998627,0,1
B59,mixamorig_LeftToe_End,58,1,0,0,0,0,1,0,0,0,0,1,0,0,0.032836999744176865,0,1
B60,mixamorig_RightUpLeg,0,-0.9833391904830933,-0.18154636025428772,-0.009183076210319996,0,0.13784988224506378,-0.7776838541030884,0.6133551001548767,0,-0.11849400401115417,0.6018706560134888,0.7897536754608154,0,-0.054579999297857285,-0.044266000390052795,0.004178000148385763,1
B61,mixamorig_RightLeg,60,0.9594370126724243,0.28185486793518066,0.006176960654556751,0,-0.1903415471315384,0.6637762784957886,-0.7233055830001831,0,-0.20796741545200348,0.6927907466888428,0.6905005574226379,0,0,0.26787498593330383,0,1
B62,mixamorig_RightFoot,61,0.9836053848266602,0.02074148692190647,0.17913605272769928,0,-0.17733556032180786,0.2916140556335449,0.9399542808532715,0,-0.03274254500865936,-0.9563115239143372,0.29051142930984497,0,0,0.22586800158023834,0,1
B63,mixamorig_RightToeBase,62,0.9997929334640503,-4.31864002337079e-8,0.020349163562059402,0,-0.010586042888462543,0.8540309071540833,0.5201141834259033,0,-0.01737883687019348,-0.5202218890190125,0.8538540601730347,0,0,0.08159500360488892,0,1
B64,mixamorig_RightToe_End,63,1,0,0,0,0,1,0,0,0,0,1,0,0,0.03182800114154816,0,1
@52,0,1,2,3,4,5,7,8,9,10,11,12,13,15,16,17,19,20,21,23,24,25,27,28,29,31,32,33,34,35,36,37,39,40,41,43,44,45,47,48,49,51,52,53,55,56,57,58,60,61,62,63
K0,0.5680497884750366,-0.03812309354543686,0.822111189365387,0,0.07433690130710602,0.997219979763031,-0.005120911169797182,0,-0.8196299076080322,0.06402208656072617,0.5693042278289795,0,0.04093800112605095,0.5111960172653198,0.03516099974513054,1,0.9985150098800659,0.05426260083913803,-0.0049048676155507565,0,-0.05342338606715202,0.9927800297737122,0.10739779472351074,0,0.010697131045162678,-0.10697620362043381,0.9942039847373962,0,0,0.07960599660873413,0.0029090000316500664,1,0.9998820424079895,-0.0071237338706851006,-0.013625817373394966,0,0.008898268453776836,0.9908109307289124,0.1349603682756424,0,0.012539181858301163,-0.13506563007831573,0.9907569885253906,0,0,0.0929350033402443,0,1,0.9998900294303894,-0.007126811426132917,-0.012974820099771023,0,0.008814188651740551,0.9908029437065125,0.135027214884758,0,0.011893180198967457,-0.1351267695426941,0.9907570481300354,0,0,0.10621199756860733,0,1,0.9913790225982666,-0.08029192686080933,-0.10354075580835342,0,0.0778510719537735,0.9965879917144775,-0.027410032227635384,0,0.10538824647665024,0.0191129669547081,0.9942469596862793,0,0,0.11948800086975098,0,1,0.8592279553413391,-0.2374231070280075,-0.4531650245189667,0,0.1882568746805191,0.9703720211982727,-0.15145288407802582,0,0.47569698095321655,0.044821109622716904,0.8784670829772949,0,0,0.030191000550985336,0.005729000084102154,1,0.021476436406373978,0.015515061095356941,-0.999648928642273,0,0.8986519575119019,-0.43848392367362976,0.012501068413257599,0,-0.4381360709667206,-0.8986048698425293,-0.023359622806310654,0,0.024251999333500862,0.11364100128412247,0.0015780000248923898,1,0.750643253326416,-0.07081381231546402,0.6569017171859741,0,-0.20929978787899017,0.9175490140914917,0.33807891607284546,0,-0.6266801953315735,-0.3912660479545593,0.6739307045936584,0,0,0.08369699865579605,0,1,-0.20274072885513306,0.9550380110740662,-0.21633034944534302,0,-0.9546747803688049,-0.2419373095035553,-0.17338240146636963,0,-0.21792533993721008,0.17137359082698822,0.9608020782470703,0,0,0.15276600420475006,0,1,0.9050650596618652,-0.07219626754522324,0.4190998375415802,0,0.07068072259426117,0.997314989566803,0.019164321944117546,0,-0.41935813426971436,0.012277321889996529,0.9077378511428833,0,0,0.15560699999332428,0,1,0.8655518889427185,0.49955132603645325,-0.03561824932694435,0,-0.4939137101173401,0.8632251620292664,0.10436609387397766,0,0.08288275450468063,-0.07274190336465836,0.9939010739326477,0,-0.012005000375211239,0.017687000334262848,0.006289999932050705,1,0.9929799437522888,-0.11825720220804214,-0.0023281918838620186,0,0.11827979981899261,0.9928299784660339,0.017256377264857292,0,0.00027080814470537007,-0.01741062104701996,0.9998480081558228,0,-0.00020300000323913991,0.01782499998807907,0,1,0.9975429177284241,-0.07002372294664383,0.002340910490602255,0,0.07005927711725235,0.9966009259223938,-0.043326232582330704,0,0.0007009105174802244,0.043383773416280746,0.9990580081939697,0,0.0004250000056345016,0.016036000102758408,0,1,0.999144971370697,0.0411718375980854,-0.003837045980617404,0,-0.039856165647506714,0.9836069345474243,0.1758682131767273,0,0.011014953255653381,-0.17556476593017578,0.9844059944152832,0,-0.015014000236988068,0.06937500089406967,-0.00023400000645779073,1,0.9997090101242065,-0.02402300201356411,-0.002250030403956771,0,0.02402299828827381,0.9823189973831177,0.1856670081615448,0,-0.002250030403956771,-0.1856669783592224,0.9826099872589111,0,-0.000037000001611886546,0.009588000364601612,0,1,0.9999390244483948,-0.011033007875084877,-0.0010656950762495399,0,0.01103899348527193,0.9825449585914612,0.18569627404212952,0,-0.0010016950545832515,-0.1856967657804489,0.9826070666313171,0,-0.00003300000025774352,0.009341999888420105,0,1,0.9990350008010864,0.04389597848057747,-0.0016242781421169639,0,-0.04313302040100098,0.9873229265213013,0.1527481973171234,0,0.008308722637593746,-0.15253080427646637,0.9882640242576599,0,-0.00456599984318018,0.07043100148439407,-0.000750000006519258,1,0.9996760487556458,-0.025346001610159874,-0.0024729371070861816,0,0.025346003472805023,0.9808200597763062,0.19326302409172058,0,-0.002472936874255538,-0.1932629644870758,0.9811440110206604,0,0,0.01130400039255619,0,1,0.9996569752693176,-0.02604999579489231,-0.0026136068627238274,0,0.026050005108118057,0.9797289967536926,0.19862698018550873,0,-0.0026136068627238274,-0.1986270248889923,0.980072021484375,0,0.000035000000934815034,0.011048000305891037,0,1,0.9991500377655029,0.03976090997457504,0.010910055600106716,0,-0.04102810099720955,0.9849950671195984,0.16763705015182495,0,-0.004080945160239935,-0.16794197261333466,0.9857879877090454,0,0.005927000194787979,0.07049799710512161,-0.001155999954789877,1,0.9995350241661072,-0.030306993052363396,-0.003216229612007737,0,0.03030700981616974,0.9772679805755615,0.20983104407787323,0,-0.003216229612007737,-0.20983093976974487,0.9777320027351379,0,0,0.009239999577403069,0,1,0.9995080232620239,-0.03119000233709812,-0.0034086918458342552,0,0.031189998611807823,0.9759079217910767,0.21594300866127014,0,-0.0034086918458342552,-0.21594296395778656,0.9764000177383423,0,0.000009000000318337698,0.008469999767839909,0,1,0.9983760714530945,-0.04562504217028618,0.03412189707159996,0,0.03737795725464821,0.9765340685844421,0.21209698915481567,0,-0.04299810528755188,-0.21047702431678772,0.976652979850769,0,0.013652999885380268,0.06073300167918205,-0.00022699999681208283,1,0.9996169805526733,0.02717982977628708,-0.005109340883791447,0,-0.025124169886112213,0.9696969389915466,0.24301613867282867,0,0.011559657752513885,-0.24279484152793884,0.9700090289115906,0,0.00004999999873689376,0.00865700002759695,0,1,0.9990659952163696,-0.04291299730539322,-0.00500357523560524,0,0.04291299730539322,0.9722530245780945,0.22996094822883606,0,-0.00500357523560524,-0.22996100783348083,0.9731869697570801,0,-0.000014999999621068127,0.007977000437676907,0,1,-0.14798596501350403,0.01953294314444065,0.9887969493865967,0,-0.9124162197113037,-0.38844045996665955,-0.12888124585151672,0,0.3815712630748749,-0.9212669134140015,0.07530587166547775,0,-0.024251999333500862,0.11354199796915054,-0.0011470000026747584,1,0.3662518560886383,-0.8803850412368774,-0.3013021647930145,0,0.894245982170105,0.2434910088777542,0.37554794549942017,0,-0.2572621703147888,-0.40698301792144775,0.8764589428901672,0,0,0.08369699865579605,0,1,-0.16618095338344574,-0.9853031039237976,-0.0395318865776062,0,0.9853209853172302,-0.16750526428222656,0.03293212503194809,0,-0.03906988725066185,-0.03347887471318245,0.9986749887466431,0,0,0.15240700542926788,0,1,0.9448790550231934,-0.3272327780723572,-0.01105109415948391,0,0.327339231967926,0.9448559284210205,0.009784433990716934,0,0.007239906582981348,-0.012862566858530045,0.9998909831047058,0,0,0.1556140035390854,0,1,0.8621317744255066,-0.4474731385707855,0.23768950998783112,0,0.45047879219055176,0.8916670680046082,0.0447009839117527,0,-0.23194247484207153,0.06853597611188889,0.9703120589256287,0,0.011339999735355377,0.017806999385356903,0.006459000054746866,1,0.9831860065460205,0.18253402411937714,-0.005199122242629528,0,-0.18233291804790497,0.9828689694404602,0.026898115873336792,0,0.010019877925515175,-0.025497881695628166,0.999625027179718,0,0.0006210000137798488,0.017650999128818512,0,1,0.9873179793357849,-0.15875419974327087,0.000021125248167663813,0,0.1586088091135025,0.9864080548286438,-0.042934074997901917,0,0.006795125547796488,0.042392928153276443,0.9990780353546143,0,0.0008079999824985862,0.016551999375224113,0,1,0.9972540736198425,-0.07342902570962906,0.00963093526661396,0,0.07222598791122437,0.993071973323822,0.09268604218959808,0,-0.01637006551027298,-0.09173596650362015,0.9956490397453308,0,0.01464099995791912,0.07246299833059311,0.00034500000765547156,1,0.9997209906578064,0.02362496592104435,-0.00001039106155076297,0,-0.023477032780647278,0.9935100078582764,0.11129263043403625,0,0.002639609156176448,-0.11126138269901276,0.9937878847122192,0,-0.00004999999873689376,0.008921000175178051,0,1,0.9996690154075623,0.025481048971414566,0.003578017931431532,0,-0.025720952078700066,0.9934599995613098,0.11124487966299057,0,-0.0007199819665402174,-0.11130012571811676,0.9937869310379028,0,-0.000022000000171829015,0.00836899969726801,0,1,0.9980300068855286,-0.062381844967603683,-0.006651962175965309,0,0.0627131536602974,0.9948830008506775,0.07921995967626572,0,0.0016760368598625064,-0.07948104292154312,0.9968349933624268,0,0.005561999976634979,0.07470999658107758,-0.0013729999773204327,1,0.9998890161514282,0.014863002113997936,0.0008649922092445195,0,-0.014862997457385063,0.9931380152702332,0.11599599570035934,0,0.0008649922674521804,-0.11599601060152054,0.9932489991188049,0,-0.00002099999983329326,0.009185000322759151,0,1,0.9998829960823059,0.015301003120839596,0.0009169111144728959,0,-0.015301001258194447,0.9927269816398621,0.11941403895616531,0,0.0009169111144728959,-0.11941397935152054,0.9928439855575562,0,0.00002700000004551839,0.009095000103116035,0,1,0.9974610805511475,-0.07099208980798721,-0.005700952373445034,0,0.07121791690587997,0.9935280680656433,0.08848884701728821,0,-0.0006179518532007933,-0.08867014944553375,0.9960609674453735,0,-0.006051999982446432,0.06717199832201004,-0.0009280000231228769,1,0.9998700022697449,0.016112884506583214,-0.00003310501779196784,0,-0.015978116542100906,0.9917680025100708,0.12704500555992126,0,0.0020798949990421534,-0.12702801823616028,0.99189692735672,0,-0.000050999999075429514,0.010259999893605709,0,1,0.9993000626564026,0.037298884242773056,0.002903030253946781,0,-0.0373581200838089,0.9907100200653076,0.13075703382492065,0,0.0020010299049317837,-0.13077396154403687,0.9914100170135498,0,-0.00005900000178371556,0.010266000404953957,0,1,0.9974969625473022,-0.0648207888007164,-0.028258100152015686,0,0.06780420988798141,0.9902069568634033,0.12203574925661087,0,0.02007090114057064,-0.12364623695611954,0.992123007774353,0,-0.014151000417768955,0.05815799906849861,0.00025099999038502574,1,0.9994959831237793,0.0317440889775753,0.000612302974332124,0,-0.03151591122150421,0.9896050095558167,0.14031724631786346,0,0.0038483026437461376,-0.14026573300361633,0.9901059865951538,0,-0.00005700000110664405,0.009421000257134438,0,1,0.9994189739227295,0.0336921252310276,0.005217352882027626,0,-0.03409087285399437,0.989530086517334,0.14024285972118378,0,-0.00043764710426330566,-0.14033912122249603,0.9901029467582703,0,-0.000007000000096013537,0.008631999604403973,0,1,-0.9005369544029236,-0.3142717480659485,0.300442099571228,0,0.42728424072265625,-0.7674656510353088,0.4779372811317444,0,0.08037687093019485,0.5587747097015381,0.8254151940345764,0,0.054579999297857285,-0.044266000390052795,-0.00036800000816583633,1,0.9997370839118958,-0.012320101261138916,-0.019364189356565475,0,-0.01388610154390335,0.34707579016685486,-0.937734067440033,0,0.018273811787366867,0.9377558827400208,0.34681326150894165,0,0,0.2833159863948822,0,1,0.9499878883361816,-0.2490900456905365,-0.18835148215293884,0,0.19287192821502686,-0.006363333202898502,0.981203019618988,0,-0.24560648202896118,-0.968458890914917,0.04199739545583725,0,0,0.24336299300193787,0,1,0.9998689889907837,0,-0.016155797988176346,0,0.008325883187353611,0.8569840788841248,0.5152759552001953,0,0.013845203444361687,-0.5153430700302124,0.8568719625473022,0,0,0.08242200314998627,0,1,-0.8683620095252991,0.35360318422317505,-0.3477248251438141,0,-0.4501238167285919,-0.8562791347503662,0.2533248960971832,0,-0.20817315578460693,0.37649714946746826,0.9027259349822998,0,-0.054579999297857285,-0.044266000390052795,0.004178000148385763,1,0.9744449257850647,0.16195246577262878,0.15565809607505798,0,0.004771464038640261,0.67787766456604,-0.7351592183113098,0,-0.2245778888463974,0.7171145677566528,0.6597813963890076,0,0,0.26787498593330383,0,1,0.9389050006866455,0.33171701431274414,0.09176858514547348,0,-0.14652197062969208,0.1439741849899292,0.9786739349365234,0,0.31143054366111755,-0.9323280453681946,0.1837819516658783,0,0,0.22586800158023834,0,1,0.9997929334640503,0,0.020349163562059402,0,-0.01058605033904314,0.8540311455726624,0.5201148390769958,0,-0.017378835007548332,-0.5202222466468811,0.8538538217544556,0,0,0.08159500360488892,0,1
K0.034,0.6048048138618469,-0.03676695376634598,0.7955242395401001,0,0.07035043090581894,0.9974952340126038,-0.007383079268038273,0,-0.7932600975036621,0.06043078750371933,0.6058763861656189,0,0.04212387278676033,0.5076847076416016,0.0360768623650074,1,0.9981534481048584,0.06053169071674347,-0.005131338257342577,0,-0.05960389971733093,0.9921633005142212,0.10981225222349167,0,0.01173824816942215,-0.10930363088846207,0.993939220905304,0,0,0.07960599660873413,0.0029090000316500664,1,0.999900221824646,-0.004772247280925512,-0.013274043798446655,0,0.0065758610144257545,0.9902227520942688,0.13934087753295898,0,0.012479297816753387,-0.13941432535648346,0.9901558756828308,0,0,0.0929350033402443,0,1,0.9999082088470459,-0.004772830288857222,-0.012700497172772884,0,0.006497126072645187,0.9902157783508301,0.13939592242240906,0,0.011910918168723583,-0.13946563005447388,0.9901557564735413,0,0,0.10621199756860733,0,1,0.9917839169502258,-0.08423398435115814,-0.09627620130777359,0,0.08134089410305023,0.996120035648346,-0.03359675034880638,0,0.09873262047767639,0.02548951469361782,0.9947872161865234,0,0,0.11948800086975098,0,1,0.8773984909057617,-0.238199383020401,-0.41645342111587524,0,0.18908005952835083,0.9694668650627136,-0.1561467945575714,0,0.4409317672252655,0.05825991556048393,0.8956473469734192,0,0,0.030191000550985336,0.005729000084102154,1,0.02808438241481781,0.016149649396538734,-0.999474823474884,0,0.8995615839958191,-0.436414510011673,0.018225297331809998,0,-0.4358907639980316,-0.8996006846427917,-0.026784084737300873,0,0.024251999333500862,0.11364100128412247,0.0015780000248923898,1,0.7523398399353027,-0.020140094682574272,0.6584674715995789,0,-0.26849445700645447,0.9033751487731934,0.3344024419784546,0,-0.6015779972076416,-0.428379088640213,0.6742374897003174,0,0,0.08369699865579605,0,1,-0.19442322850227356,0.9571057558059692,-0.21481959521770477,0,-0.9567430019378662,-0.2333487868309021,-0.17375703155994415,0,-0.21643182635307312,0.17174477875232697,0.9610729813575745,0,0,0.15276600420475006,0,1,0.9065173864364624,-0.07143337279558182,0.4160822033882141,0,0.07078710198402405,0.9973461627960205,0.017001591622829437,0,-0.41619235277175903,0.014041009359061718,0.909168004989624,0,0,0.15560699999332428,0,1,0.8655518889427185,0.49955132603645325,-0.03561824932694435,0,-0.4939137101173401,0.8632251620292664,0.10436609387397766,0,0.08288275450468063,-0.07274190336465836,0.9939010739326477,0,-0.012005000375211239,0.017687000334262848,0.006289999932050705,1,0.9929799437522888,-0.11825720220804214,-0.0023281630128622055,0,0.11827979981899261,0.9928299784660339,0.017255887389183044,0,0.000270837132120505,-0.01741012930870056,0.999847948551178,0,-0.00020300000323913991,0.01782499998807907,0,1,0.9975429177284241,-0.07002372294664383,0.0023408918641507626,0,0.07005927711725235,0.9966009259223938,-0.0433262437582016,0,0.0007009298424236476,0.04338378459215164,0.9990580081939697,0,0.0004250000056345016,0.016036000102758408,0,1,0.999144971370697,0.04117174446582794,-0.003836066694930196,0,-0.03985625505447388,0.9836069941520691,0.1758677214384079,0,0.01101395208388567,-0.17556428909301758,0.9844059348106384,0,-0.015014000236988068,0.06937500089406967,-0.00023400000645779073,1,0.9997090101242065,-0.02402300201356411,-0.002250030403956771,0,0.02402299828827381,0.9823189973831177,0.1856670081615448,0,-0.002250030403956771,-0.1856669783592224,0.9826099872589111,0,-0.000037000001611886546,0.009588000364601612,0,1,0.9999390244483948,-0.011033052578568459,-0.0010652017081156373,0,0.0110389469191432,0.982545018196106,0.1856957972049713,0,-0.0010021828347817063,-0.18569624423980713,0.9826069474220276,0,-0.00003300000025774352,0.009341999888420105,0,1,0.9990350008010864,0.04389597848057747,-0.0016242781421169639,0,-0.04313302040100098,0.9873229265213013,0.1527481973171234,0,0.008308722637593746,-0.15253080427646637,0.9882640242576599,0,-0.00456599984318018,0.07043100148439407,-0.000750000006519258,1,0.999675989151001,-0.025346999987959862,-0.0024730341974645853,0,0.02534700185060501,0.9808200001716614,0.1932630091905594,0,-0.0024730341974645853,-0.1932629495859146,0.9811440110206604,0,0,0.01130400039255619,0,1,0.9996569752693176,-0.02604999765753746,-0.0026135973166674376,0,0.026050005108118057,0.9797289967536926,0.19862698018550873,0,-0.0026136161759495735,-0.1986270248889923,0.980072021484375,0,0.000035000000934815034,0.011048000305891037,0,1,0.9991500377655029,0.03976081684231758,0.0109110651537776,0,-0.041028186678886414,0.9849950075149536,0.16763798892498016,0,-0.004081916529685259,-0.16794298589229584,0.9857879877090454,0,0.005927000194787979,0.07049799710512161,-0.001155999954789877,1,0.9995350241661072,-0.030306993052363396,-0.003216229612007737,0,0.03030700981616974,0.9772679805755615,0.20983104407787323,0,-0.003216229612007737,-0.20983093976974487,0.9777320027351379,0,0,0.009239999577403069,0,1,0.9995080232620239,-0.031189996749162674,-0.0034087069798260927,0,0.031190000474452972,0.9759079813957214,0.21594400703907013,0,-0.0034087069798260927,-0.21594394743442535,0.9764000773429871,0,0.000009000000318337698,0.008469999767839909,0,1,0.9983760714530945,-0.04562504217028618,0.03412189707159996,0,0.03737795725464821,0.9765340685844421,0.21209698915481567,0,-0.04299810528755188,-0.21047702431678772,0.976652979850769,0,0.013652999885380268,0.06073300167918205,-0.00022699999681208283,1,0.9996179938316345,0.027179783210158348,-0.005108854733407497,0,-0.025124216452240944,0.9696969389915466,0.24301616847515106,0,0.011559163220226765,-0.24279488623142242,0.9700090289115906,0,0.00004999999873689376,0.00865700002759695,0,1,0.9990659952163696,-0.042913053184747696,-0.005003097467124462,0,0.04291294887661934,0.9722530245780945,0.22996197640895844,0,-0.005004097241908312,-0.22996202111244202,0.9731869697570801,0,-0.000014999999621068127,0.007977000437676907,0,1,-0.14381720125675201,0.018989071249961853,0.9894223213195801,0,-0.912510097026825,-0.3894346356391907,-0.12516355514526367,0,0.38293832540512085,-0.9208580255508423,0.07333502918481827,0,-0.024251999333500862,0.11354199796915054,-0.0011470000026747584,1,0.3874947130680084,-0.8647567629814148,-0.31944218277931213,0,0.8908669352531433,0.2621501088142395,0.3709908127784729,0,-0.2370750606060028,-0.42833760380744934,0.8719651699066162,0,0,0.08369699865579605,0,1,-0.17520752549171448,-0.9837251305580139,-0.03983379900455475,0,0.983744204044342,-0.1765422523021698,0.03287860378623009,0,-0.03937583789229393,-0.03342567756772041,0.9986648559570312,0,0,0.15240700542926788,0,1,0.9429537653923035,-0.33289018273353577,0.004722909536212683,0,0.33280354738235474,0.9428995251655579,0.01346924901008606,0,-0.008937014266848564,-0.01112908311188221,0.9998981356620789,0,0,0.1556140035390854,0,1,0.8621319532394409,-0.44747331738471985,0.237689808011055,0,0.4504786729812622,0.8916671276092529,0.04470207169651985,0,-0.23194319009780884,0.06853510439395905,0.9703119397163391,0,0.011339999735355377,0.017806999385356903,0.006459000054746866,1,0.9831860065460205,0.18253402411937714,-0.005199122242629528,0,-0.18233291804790497,0.9828689694404602,0.026898115873336792,0,0.010019877925515175,-0.025497881695628166,0.999625027179718,0,0.0006210000137798488,0.017650999128818512,0,1,0.9873179793357849,-0.15875419974327087,0.000021125248167663813,0,0.1586088091135025,0.9864080548286438,-0.042934074997901917,0,0.006795125547796488,0.042392928153276443,0.9990780353546143,0,0.0008079999824985862,0.016551999375224113,0,1,0.9972540736198425,-0.07342902570962906,0.00963093526661396,0,0.07222598791122437,0.993071973323822,0.09268604218959808,0,-0.01637006551027298,-0.09173596650362015,0.9956490397453308,0,0.01464099995791912,0.07246299833059311,0.00034500000765547156,1,0.9997209906578064,0.023624969646334648,-0.000010406171895738225,0,-0.023477032780647278,0.9935099482536316,0.11129212379455566,0,0.0026396128814667463,-0.11126089096069336,0.993787944316864,0,-0.00004999999873689376,0.008921000175178051,0,1,0.9996690154075623,0.025481048971414566,0.003578017931431532,0,-0.025720952078700066,0.9934599995613098,0.11124487966299057,0,-0.0007199819665402174,-0.11130012571811676,0.9937869310379028,0,-0.000022000000171829015,0.00836899969726801,0,1,0.9980300068855286,-0.062381844967603683,-0.006651962175965309,0,0.0627131536602974,0.9948830008506775,0.07921995222568512,0,0.00167603709269315,-0.07948103547096252,0.9968349933624268,0,0.005561999976634979,0.07470999658107758,-0.0013729999773204327,1,0.9998889565467834,0.014863020740449429,0.0008649933151900768,0,-0.014863016083836555,0.9931380152702332,0.11599599570035934,0,0.0008649933733977377,-0.11599601060152054,0.9932489991188049,0,-0.00002099999983329326,0.009185000322759151,0,1,0.9998829960823059,0.015301003120839596,0.0009169111144728959,0,-0.015301001258194447,0.9927269816398621,0.11941403895616531,0,0.0009169111144728959,-0.11941397935152054,0.9928439855575562,0,0.00002700000004551839,0.009095000103116035,0,1,0.9974610805511475,-0.07099208980798721,-0.005700970534235239,0,0.07121791690587997,0.9935280084609985,0.0884893536567688,0,-0.000617970188613981,-0.08867066353559494,0.9960610270500183,0,-0.006051999982446432,0.06717199832201004,-0.0009280000231228769,1,0.9998700022697449,0.016112884506583214,-0.00003310513784526847,0,-0.015978116542100906,0.9917680025100708,0.12704499065876007,0,0.0020798947662115097,-0.12702800333499908,0.99189692735672,0,-0.000050999999075429514,0.010259999893605709,0,1,0.9993000626564026,0.03729889914393425,0.002903012791648507,0,-0.037358127534389496,0.9907099604606628,0.13075605034828186,0,0.002001012908294797,-0.13077297806739807,0.9914100170135498,0,-0.00005900000178371556,0.010266000404953957,0,1,0.9974969625473022,-0.0648212730884552,-0.028258144855499268,0,0.067804716527462,0.9902070164680481,0.12203624844551086,0,0.02007085457444191,-0.12364675104618073,0.9921230673789978,0,-0.014151000417768955,0.05815799906849861,0.00025099999038502574,1,0.9994959831237793,0.0317440889775753,0.0006122880731709301,0,-0.03151590749621391,0.9896049499511719,0.1403161883354187,0,0.0038482879754155874,-0.14026480913162231,0.9901070594787598,0,-0.00005700000110664405,0.009421000257134438,0,1,0.9994189739227295,0.03369209170341492,0.005217843223363161,0,-0.034090910106897354,0.989530086517334,0.14024284482002258,0,-0.00043813756201416254,-0.14033913612365723,0.9901029467582703,0,-0.000007000000096013537,0.008631999604403973,0,1,-0.909177839756012,-0.2965501844882965,0.29232409596443176,0,0.4105411469936371,-0.7557864189147949,0.5101402997970581,0,0.06965237110853195,0.5838192701339722,0.808890163898468,0,0.054579999297857285,-0.044266000390052795,-0.00036800000816583633,1,0.9986382722854614,-0.032882947474718094,-0.040503788739442825,0,-0.027670428156852722,0.3243350088596344,-0.9455372095108032,0,0.04422885552048683,0.9453705549240112,0.3229835033416748,0,0,0.2833159863948822,0,1,0.9551056623458862,-0.23236823081970215,-0.18379032611846924,0,0.18666605651378632,-0.00974869355559349,0.9823753833770752,0,-0.23006442189216614,-0.9725793600082397,0.03406421095132828,0,0,0.24336299300193787,0,1,0.9998689889907837,0,-0.016156287863850594,0,0.008326014503836632,0.8569838404655457,0.5152752995491028,0,0.013845694251358509,-0.5153427124023438,0.8568722009658813,0,0,0.08242200314998627,0,1,-0.8547233939170837,0.3705953359603882,-0.36346402764320374,0,-0.47054824233055115,-0.8487986326217651,0.24109062552452087,0,-0.21916092932224274,0.37709352374076843,0.8998720049858093,0,-0.054579999297857285,-0.044266000390052795,0.004178000148385763,1,0.972872257232666,0.1781628131866455,0.147569477558136,0,-0.006764842197299004,0.6595233082771301,-0.7516539692878723,0,-0.2312423139810562,0.7302650809288025,0.6428372263908386,0,0,0.26787498593330383,0,1,0.9383349418640137,0.33620384335517883,0.08058671653270721,0,-0.12914946675300598,0.12464899569749832,0.9837598204612732,0,0.32069864869117737,-0.9335036277770996,0.16038300096988678,0,0,0.22586800158023834,0,1,0.9997929334640503,0,0.020349159836769104,0,-0.010586053133010864,0.8540309071540833,0.5201151967048645,0,-0.01737883873283863,-0.5202229022979736,0.8538540601730347,0,0,0.08159500360488892,0,1
