2.467,30,74,65
B0,mixamorig_Hips,-1,0.8886711597442627,-0.06431028991937637,0.45401373505592346,0,0.050101540982723236,0.9978063106536865,0.0432705283164978,0,-0.45580047369003296,-0.01570647954940796,0.8899436593055725,0,0.008694468066096306,0.5429033637046814,0.0003036799025721848,1
B1,mixamorig_Spine,0,0.9965910911560059,0.07790776342153549,0.027144797146320343,0,-0.08037646859884262,0.9910563826560974,0.10652084648609161,0,-0.01860322430729866,-0.10833954066038132,0.993939995765686,0,0,0.07960599660873413,0.0029090000316500664,1
B2,mixamorig_Spine1,1,0.9999206066131592,0.0024636404123157263,0.012377297505736351,0,-0.002775920322164893,0.9996770024299622,0.025276560336351395,0,-0.012311017140746117,-0.025308890268206596,0.9996036291122437,0,0,0.0929350033402443,0,1
B3,mixamorig_Spine2,2,0.9999216794967651,0.0025397585704922676,0.012251942418515682,0,-0.0028495017904788256,0.9996749758720398,0.025330286473035812,0,-0.012183625251054764,-0.02536320872604847,0.9996036291122437,0,0,0.10621199756860733,0,1
B4,mixamorig_Neck,3,0.9959854483604431,0.04212258383631706,-0.07898475974798203,0,-0.04771996662020683,0.9963783621788025,-0.07037261128425598,0,0.0757344588637352,0.07385926693677902,0.9943887591362,0,0,0.11948800086975098,0,1
B5,mixamorig_Head,4,0.8888480067253113,-0.08889888972043991,-0.4494953453540802,0,0.19645105302333832,0.960196852684021,0.19856645166873932,0,0.4139517545700073,-0.26479923725128174,0.8709335327148438,0,0,0.030191000550985336,0.005729000084102154,1
B6,mixamorig_HeadTop_End,5,1,0,0,0,0,1,0,0,0,0,1,0,0,0.16785000264644623,0.03185199946165085,1
B7,mixamorig_LeftShoulder,3,0.003383405040949583,0.014505079947412014,-0.9998885989189148,0,0.9469701051712036,-0.321316659450531,-0.0014569457853212953,0,-0.3213023543357849,-0.9468607306480408,-0.014822978526353836,0,0.024251999333500862,0.11364100128412247,0.0015780000248923898,1
B8,mixamorig_LeftArm,7,0.6645978093147278,0.4106450080871582,0.6242434978485107,0,-0.6194692850112915,0.7699646353721619,0.1530105024576187,0,-0.417812705039978,-0.4883905053138733,0.7660993337631226,0,0,0.08369699865579605,0,1
B9,mixamorig_LeftForeArm,8,0.1089615449309349,0.9811304211616516,-0.15972097218036652,0,-0.9807575941085815,0.07992374151945114,-0.17811843752861023,0,-0.1619919091463089,0.17605562508106232,0.9709596633911133,0,0,0.15276600420475006,0,1
B10,mixamorig_LeftHand,9,0.9011804461479187,0.2409462034702301,0.3603028953075409,0,-0.2730026841163635,0.9611788988113403,0.04005599394440651,0,-0.3366643488407135,-0.1344614028930664,0.9319750666618347,0,0,0.15560699999332428,0,1
B11,mixamorig_LeftHandThumb1,10,0.9326710104942322,0.19824489951133728,-0.30137112736701965,0,0.08390290290117264,0.6933180093765259,0.7157306671142578,0,0.3508358895778656,-0.6928269267082214,0.6300041079521179,0,-0.012005000375211239,0.017687000334262848,0.006289999932050705,1
B12,mixamorig_LeftHandThumb2,11,0.6051427721977234,-0.7584561705589294,-0.24196308851242065,0,0.7299827933311462,0.6499078273773193,-0.21153126657009125,0,0.317690908908844,-0.04862227663397789,0.9469469785690308,0,-0.00020300000323913991,0.01782499998807907,0,1
B13,mixamorig_LeftHandThumb3,12,0.9130939245223999,-0.40330925583839417,-0.060003045946359634,0,0.3965257704257965,0.9125831127166748,-0.09979474544525146,0,0.09500595182180405,0.06732924282550812,0.9931970238685608,0,0.0004250000056345016,0.016036000102758408,0,1
B14,mixamorig_LeftHandThumb4,13,1,0,0,0,0,1,0,0,0,0,1,0,-0.00022200000239536166,0.013601000420749187,0,1
B15,mixamorig_LeftHandIndex1,10,0.9907020330429077,-0.06478993594646454,-0.1196349635720253,0,0.12477307766675949,0.08211219310760498,0.9887819290161133,0,-0.054239608347415924,-0.9945150017738342,0.08943270891904831,0,-0.015014000236988068,0.06937500089406967,-0.00023400000645779073,1
B16,mixamorig_LeftHandIndex2,15,0.982507050037384,-0.12806710600852966,-0.13520145416259766,0,0.12806689739227295,-0.06243211403489113,0.9897980093955994,0,-0.13520145416259766,-0.9897980690002441,-0.044938817620277405,0,-0.000037000001611886546,0.009588000364601612,0,1
B17,mixamorig_LeftHandIndex3,16,0.9959879517555237,-0.08372233062982559,-0.0315980389714241,0,0.0805966705083847,0.6858229637145996,0.7232921719551086,0,-0.03888504207134247,-0.7229369282722473,0.6898190975189209,0,-0.00003300000025774352,0.009341999888420105,0,1
B18,mixamorig_LeftHandIndex4,17,1,0,0,0,0,1,0,0,0,0,1,0,0.00007000000186963007,0.007697000168263912,0,1
B19,mixamorig_LeftHandMiddle1,10,0.9906110763549805,-0.06651221960783005,-0.11944276839494705,0,0.12475179135799408,0.08239313215017319,0.9887610077857971,0,-0.05592340975999832,-0.9943779110908508,0.08991703391075134,0,-0.00456599984318018,0.07043100148439407,-0.000750000006519258,1
B20,mixamorig_LeftHandMiddle2,19,0.9820300340652466,-0.1297813057899475,-0.1370183378458023,0,0.12978102266788483,-0.06271108984947205,0.9895579814910889,0,-0.13701868057250977,-0.9895581007003784,-0.044741030782461166,0,0,0.01130400039255619,0,1
B21,mixamorig_LeftHandMiddle3,20,0.9946680068969727,-0.09477692097425461,-0.04065556824207306,0,0.09477709233760834,0.684678316116333,0.7226569652557373,0,-0.040655214339494705,-0.7226569652557373,0.6900103092193604,0,0.000035000000934815034,0.011048000305891037,0,1
B22,mixamorig_LeftHandMiddle4,21,1,0,0,0,0,1,0,0,0,0,1,0,-0.000035000000934815034,0.00976799987256527,0,1
B23,mixamorig_LeftHandRing1,10,0.9897930026054382,-0.07947127521038055,-0.11830063164234161,0,0.12477273494005203,0.08211326599121094,0.9887820482254028,0,-0.06886563450098038,-0.9934489727020264,0.0911908745765686,0,0.005927000194787979,0.07049799710512161,-0.001155999954789877,1
B24,mixamorig_LeftHandRing2,23,0.9782890677452087,-0.14267249405384064,-0.15031732618808746,0,0.142673522233963,-0.06243215128779411,0.9877989888191223,0,-0.15031632781028748,-0.9877990484237671,-0.040721096098423004,0,9.999999974752427e-7,0.009239999577403069,0,1
B25,mixamorig_LeftHandRing3,24,0.993556022644043,-0.10418999195098877,-0.04461297765374184,0,0.10419001430273056,0.6846778988838196,0.7213601469993591,0,-0.044612981379032135,-0.7213599681854248,0.6911213994026184,0,0.000009000000318337698,0.008469999767839909,0,1
B26,mixamorig_LeftHandRing4,25,1,0,0,0,0,1,0,0,0,0,1,0,-0.000009999999747378752,0.0076049999333918095,0,1
B27,mixamorig_LeftHandPinky1,10,0.9749318957328796,-0.1260884553194046,-0.18333029747009277,0,0.19493655860424042,0.08677895367145538,0.9769691228866577,0,-0.10727529972791672,-0.988215982913971,0.10918279737234116,0,0.013652999885380268,0.06073300167918205,-0.00022699999681208283,1
B28,mixamorig_LeftHandPinky2,27,0.9746059775352478,-0.1125670075416565,-0.19357599318027496,0,0.18746697902679443,-0.06263552606105804,0.9802719950675964,0,-0.12247101217508316,-0.9916679263114929,-0.03994235396385193,0,0.00004999999873689376,0.00865700002759695,0,1
B29,mixamorig_LeftHandPinky3,28,0.9893889427185059,-0.13370198011398315,-0.05686218664050102,0,0.13370200991630554,0.6846780180931091,0.7164776921272278,0,-0.05686219036579132,-0.7164775729179382,0.6952889561653137,0,-0.000014999999621068127,0.007977000437676907,0,1
B30,mixamorig_LeftHandPinky4,29,1,0,0,0,0,1,0,0,0,0,1,0,-0.000035000000934815034,0.0071020000614225864,0,1
B31,mixamorig_RightShoulder,3,-0.21363648772239685,0.025549862533807755,0.9765796065330505,0,-0.8105642199516296,-0.5626251101493835,-0.16259920597076416,0,0.5452936291694641,-0.8263174891471863,0.1409069448709488,0,-0.024251999333500862,0.11354199796915054,-0.0011470000026747584,1
B32,mixamorig_RightArm,31,0.1881013661623001,-0.9819754362106323,0.01851401850581169,0,0.9575968384742737,0.18755494058132172,0.21870289742946625,0,-0.21823331713676453,-0.023409340530633926,0.9756162166595459,0,0,0.08369699865579605,0,1
B33,mixamorig_RightForeArm,32,0.12721900641918182,-0.9914294481277466,-0.029726475477218628,0,0.9914476871490479,0.12622781097888947,0.03313614800572395,0,-0.02909982204437256,-0.0336877666413784,0.9990082383155823,0,0,0.15240700542926788,0,1
B34,mixamorig_RightHand,33,0.9415498971939087,-0.20386666059494019,-0.2681836187839508,0,0.02806989848613739,0.8408048152923584,-0.5406103730201721,0,0.33570241928100586,0.5014836192131042,0.7973819971084595,0,0,0.1556140035390854,0,1
B35,mixamorig_RightHandThumb1,34,0.7765887975692749,-0.42963215708732605,0.46078813076019287,0,0.00785481184720993,0.7379469871520996,0.6748129725456238,0,-0.6299588680267334,-0.5204330086708069,0.5764562487602234,0,0.011339999735355377,0.017806999385356903,0.006459000054746866,1
B36,mixamorig_RightHandThumb2,35,0.46924975514411926,0.6958761215209961,0.543655276298523,0,-0.8825398087501526,0.39079749584198,0.261535108089447,0,-0.030463049188256264,-0.6025227308273315,0.797520101070404,0,0.0006210000137798488,0.017650999128818512,0,1
B37,mixamorig_RightHandThumb3,36,0.9453430771827698,0.29175102710723877,0.1456308513879776,0,-0.32077330350875854,0.9122949838638306,0.25460126996040344,0,-0.058578137308359146,-0.28740009665489197,0.9560179114341736,0,0.0008079999824985862,0.016551999375224113,0,1
B38,mixamorig_RightHandThumb4,37,1,0,0,0,0,1,0,0,0,0,1,0,-0.001429000054486096,0.013016999699175358,0,1
B39,mixamorig_RightHandIndex1,34,0.9952809810638428,0.03461313247680664,0.09064941853284836,0,-0.09525921195745468,0.17073559761047363,0.9807011485099792,0,0.018468065187335014,-0.9847089648246765,0.1732272207736969,0,0.01464099995791912,0.07246299833059311,0.00034500000765547156,1
B40,mixamorig_RightHandIndex2,39,0.983646035194397,0.11850173771381378,0.13563664257526398,0,-0.10406827181577682,-0.2407015711069107,0.9650039672851562,0,0.14700263738632202,-0.9633381962776184,-0.22443297505378723,0,-0.00004999999873689376,0.008921000175178051,0,1
B41,mixamorig_RightHandIndex3,40,0.9941139221191406,0.09422929584980011,0.05346820130944252,0,-0.10038270056247711,0.6154360175132751,0.7817680835723877,0,0.04075920581817627,-0.7825338244438171,0.6212724447250366,0,-0.000022000000171829015,0.00836899969726801,0,1
B42,mixamorig_RightHandIndex4,41,1,0,0,0,0,1,0,0,0,0,1,0,0.00007200000254670158,0.007528000045567751,0,1
B43,mixamorig_RightHandMiddle1,34,0.9936820268630981,0.053510092198848724,0.09865930676460266,0,-0.10643590241670609,0.17033648490905762,0.9796208739280701,0,0.03561430796980858,-0.9839320778846741,0.17495562136173248,0,0.005561999976634979,0.07470999658107758,-0.0013729999773204327,1
B44,mixamorig_RightHandMiddle2,43,0.979978084564209,0.12339653819799423,0.15626001358032227,0,-0.12339645624160767,-0.23951682448387146,0.963019073009491,0,0.15626002848148346,-0.9630190134048462,-0.21949444711208344,0,-0.00002099999983329326,0.009185000322759151,0,1
B45,mixamorig_RightHandMiddle3,44,0.9938070178031921,0.10005597770214081,0.04832873120903969,0,-0.10005601495504379,0.6166373491287231,0.7808629870414734,0,0.04832873120903969,-0.7808629870414734,0.6228299736976624,0,0.00002700000004551839,0.009095000103116035,0,1
B46,mixamorig_RightHandMiddle4,45,1,0,0,0,0,1,0,0,0,0,1,0,-0.000007000000096013537,0.007675000000745058,0,1
B47,mixamorig_RightHandRing1,34,0.9947279691696167,0.05016405135393143,0.08944416791200638,0,-0.09678294509649277,0.17083080112934113,0.9805349707603455,0,0.03390781953930855,-0.984022855758667,0.1747853010892868,0,-0.006051999982446432,0.06717199832201004,-0.0009280000231228769,1
B48,mixamorig_RightHandRing2,47,0.9804251194000244,0.13341577351093292,0.14480160176753998,0,-0.10989821702241898,-0.23940378427505493,0.964680016040802,0,0.1633695811033249,-0.9617099761962891,-0.22005532681941986,0,-0.000050999999075429514,0.010259999893605709,0,1
B49,mixamorig_RightHandRing3,48,0.9917669892311096,0.1148567870259285,0.0566171258687973,0,-0.11570822447538376,0.6143993735313416,0.7804645299911499,0,0.05485612526535988,-0.7805900573730469,0.6226308941841125,0,-0.00005900000178371556,0.010266000404953957,0,1
B50,mixamorig_RightHandRing4,49,1,0,0,0,0,1,0,0,0,0,1,0,0.00011000000085914508,0.008937000297009945,0,1
B51,mixamorig_RightHandPinky1,34,0.9937890768051147,0.07236896455287933,0.08453255891799927,0,-0.09586938470602036,0.17111438512802124,0.9805757403373718,0,0.05649854987859726,-0.9825900793075562,0.17698964476585388,0,-0.014151000417768955,0.05815799906849861,0.00025099999038502574,1
B52,mixamorig_RightHandPinky2,51,0.9711268544197083,0.1547972559928894,0.18152016401290894,0,-0.1410597711801529,-0.24103087186813354,0.960211992263794,0,0.19239017367362976,-0.9580929279327393,-0.21223589777946472,0,-0.00005700000110664405,0.009421000257134438,0,1
B53,mixamorig_RightHandPinky3,52,0.9900149703025818,0.12363111972808838,0.06771374493837357,0,-0.1300005167722702,0.6150833368301392,0.7776710391044617,0,0.05449475347995758,-0.7787089943885803,0.6250140070915222,0,-0.000007000000096013537,0.008631999604403973,0,1
B54,mixamorig_RightHandPinky4,53,1,0,0,0,0,1,0,0,0,0,1,0,0.00006500000017695129,0.007710000034421682,0,1
B55,mixamorig_LeftUpLeg,0,-0.848432719707489,-0.10543680191040039,0.5186960101127625,0,0.40542280673980713,-0.759461522102356,0.5087735056877136,0,0.3402862548828125,0.6419513821601868,0.6870985627174377,0,0.054579999297857285,-0.044266000390052795,-0.00036800000816583633,1
B56,mixamorig_LeftLeg,55,0.9725129008293152,0.22712348401546478,0.05131454020738602,0,-0.0630069226026535,0.46884119510650635,-0.8810327649116516,0,-0.2241615504026413,0.8535823822021484,0.47026434540748596,0,0,0.2833159863948822,0,1
B57,mixamorig_LeftFoot,56,0.965632438659668,-0.21531377732753754,-0.14557982981204987,0,0.17901937663555145,0.14490927755832672,0.9731152653694153,0,-0.18842926621437073,-0.9657333493232727,0.17847444117069244,0,0,0.24336299300193787,0,1
B58,mixamorig_LeftToeBase,57,0.9998689889907837,1.534065319219735e-8,-0.01615629717707634,0,0.008326014503836632,0.85698401927948,0.5152750015258789,0,0.013845701701939106,-0.5153422355651855,0.856872022151947,0,0,0.08242200314998627,0,1
B59,mixamorig_LeftToe_End,58,1,0,0,0,0,1,0,0,0,0,1,0,0,0.032836999744176865,0,1
B60,mixamorig_RightUpLeg,0,-0.9404613375663757,0.022277992218732834,-0.33916953206062317,0,-0.13595400750637054,-0.9392076134681702,0.3152872920036316,0,-0.3115265369415283,0.3426268696784973,0.8863170146942139,0,-0.054579999297857285,-0.044266000390052795,0.004178000148385763,1
B61,mixamorig_RightLeg,60,0.9945774674415588,-0.07687080651521683,0.07004319876432419,0,0.10386190563440323,0.7000232338905334,-0.7065263986587524,0,0.005279391538351774,0.7099706530570984,0.7042118906974792,0,0,0.26787498593330383,0,1
B62,mixamorig_RightFoot,61,0.9698375463485718,0.23942053318023682,0.04574675112962723,0,-0.07800550013780594,0.1270448863506317,0.9888244867324829,0,0.23093314468860626,-0.9625682234764099,0.14188912510871887,0,0,0.22586800158023834,0,1
B63,mixamorig_RightToeBase,62,0.9997929334640503,-1.187263691804219e-7,0.020349185913801193,0,-0.010586119256913662,0.8540269136428833,0.5201205015182495,0,-0.01737881451845169,-0.5202282071113586,0.8538501262664795,0,0,0.08159500360488892,0,1
B64,mixamorig_RightToe_End,63,1,0,0,0,0,1,0,0,0,0,1,0,0,0.03182800114154816,0,1
@52,0,1,2,3,4,5,7,8,9,10,11,12,13,15,16,17,19,20,21,23,24,25,27,28,29,31,32,33,34,35,36,37,39,40,41,43,44,45,47,48,49,51,52,53,55,56,57,58,60,61,62,63
K0,0.8874648809432983,-0.06033902242779732,0.4569072425365448,0,0.04517797753214836,0.9980069994926453,0.04404591768980026,0,-0.45865482091903687,-0.01844708062708378,0.8884231448173523,0,0.007344000041484833,0.5433019995689392,0.0018050000071525574,1,0.9963489174842834,0.0792650356888771,0.03171922266483307,0,-0.08213195204734802,0.9913250207901001,0.10260872542858124,0,-0.02331078052520752,-0.1048392802476883,0.9942160844802856,0,0,0.07960599660873413,0.0029090000316500664,1,0.999893069267273,0.003216218901798129,0.014283738099038601,0,-0.003554781200364232,0.9997119307518005,0.02374088577926159,0,-0.014203261584043503,-0.023789111524820328,0.9996160268783569,0,0,0.0929350033402443,0,1,0.9998940229415894,0.0033007399179041386,0.0141623355448246,0,-0.0036372600588947535,0.9997100234031677,0.023802004754543304,0,-0.014079664833843708,-0.02385099232196808,0.9996160268783569,0,0,0.10621199756860733,0,1,0.9959279298782349,0.03733213618397713,-0.08205447345972061,0,-0.04280586540699005,0.9969009757041931,-0.06599414348602295,0,0.07933652400970459,0.0692378580570221,0.9944400191307068,0,0,0.11948800086975098,0,1,0.8850758671760559,-0.08989713340997696,-0.45668312907218933,0,0.19942887127399445,0.9597890377044678,0.19757111370563507,0,0.42055782675743103,-0.2659408748149872,0.8674131035804749,0,0,0.030191000550985336,0.005729000084102154,1,-0.006781463976949453,0.012618276290595531,-0.9998969435691833,0,0.9427160024642944,-0.33342668414115906,-0.010601423680782318,0,-0.33352649211883545,-0.9426916837692261,-0.009634246118366718,0,0.024251999333500862,0.11364100128412247,0.0015780000248923898,1,0.6677630543708801,0.42060792446136475,0.6141510009765625,0,-0.6170791983604431,0.774216890335083,0.1407160609960556,0,-0.416299968957901,-0.472944974899292,0.7765421271324158,0,0,0.08369699865579605,0,1,0.12279094010591507,0.9799019694328308,-0.15720905363559723,0,-0.9795299172401428,0.09420400112867355,-0.17789506912231445,0,-0.1595100611448288,0.17583490908145905,0.9714109897613525,0,0,0.15276600420475006,0,1,0.8976478576660156,0.23620222508907318,0.37207096815109253,0,-0.2695067226886749,0.9621930718421936,0.039374176412820816,0,-0.3487039804458618,-0.13561981916427612,0.9273689985275269,0,0,0.15560699999332428,0,1,0.9326709508895874,0.19824382662773132,-0.3013715445995331,0,0.08390382677316666,0.6933180093765259,0.7157300114631653,0,0.3508354723453522,-0.6928269863128662,0.6300042867660522,0,-0.012005000375211239,0.017687000334262848,0.006289999932050705,1,0.6051428318023682,-0.7584560513496399,-0.24196311831474304,0,0.729982852935791,0.6499080061912537,-0.21153128147125244,0,0.3176908791065216,-0.04862228408455849,0.9469469785690308,0,-0.00020300000323913991,0.01782499998807907,0,1,0.9130939245223999,-0.40330925583839417,-0.06000293418765068,0,0.39652571082115173,0.91258305311203,-0.09979524463415146,0,0.0950060561299324,0.06732974946498871,0.9931970238685608,0,0.0004250000056345016,0.016036000102758408,0,1,0.9907020330429077,-0.06479010730981827,-0.1196347326040268,0,0.12477290630340576,0.08211284875869751,0.9887819886207581,0,-0.05423972010612488,-0.9945148825645447,0.08943335711956024,0,-0.015014000236988068,0.06937500089406967,-0.00023400000645779073,1,0.982507050037384,-0.12806710600852966,-0.13520145416259766,0,0.12806689739227295,-0.06243211403489113,0.9897980093955994,0,-0.13520145416259766,-0.9897980690002441,-0.044938817620277405,0,-0.000037000001611886546,0.009588000364601612,0,1,0.9959879517555237,-0.08372233062982559,-0.0315980389714241,0,0.0805966705083847,0.6858229637145996,0.7232921719551086,0,-0.03888504207134247,-0.7229369282722473,0.6898190975189209,0,-0.00003300000025774352,0.009341999888420105,0,1,0.9906109571456909,-0.06651287525892258,-0.11944304406642914,0,0.12475211918354034,0.08239304274320602,0.9887610077857971,0,-0.05592404305934906,-0.9943779110908508,0.08991704136133194,0,-0.00456599984318018,0.07043100148439407,-0.000750000006519258,1,0.9820300936698914,-0.12978094816207886,-0.1370183229446411,0,0.12978103756904602,-0.06271104514598846,0.9895579814910889,0,-0.1370183229446411,-0.9895581007003784,-0.044741030782461166,0,0,0.01130400039255619,0,1,0.9946680068969727,-0.09477700293064117,-0.040655408054590225,0,0.09477699548006058,0.6846780180931091,0.7226570248603821,0,-0.040655408054590225,-0.7226570248603821,0.6900100111961365,0,0.000035000000934815034,0.011048000305891037,0,1,0.989793062210083,-0.07947178930044174,-0.11830104142427444,0,0.12477320432662964,0.08211366087198257,0.9887819290161133,0,-0.06886604428291321,-0.9934489130973816,0.0911913588643074,0,0.005927000194787979,0.07049799710512161,-0.001155999954789877,1,0.9782890677452087,-0.14267300069332123,-0.15031681954860687,0,0.14267300069332123,-0.062431976199150085,0.9877989888191223,0,-0.15031681954860687,-0.9877989888191223,-0.04072092846035957,0,0,0.009239999577403069,0,1,0.993556022644043,-0.10418998450040817,-0.044612981379032135,0,0.10418999940156937,0.6846778392791748,0.7213602066040039,0,-0.044612985104322433,-0.7213598489761353,0.6911211609840393,0,0.000009000000318337698,0.008469999767839909,0,1,0.9749318957328796,-0.1260884702205658,-0.18333028256893158,0,0.19493655860424042,0.08677911758422852,0.9769691228866577,0,-0.10727526992559433,-0.988215982913971,0.10918295383453369,0,0.013652999885380268,0.06073300167918205,-0.00022699999681208283,1,0.9746059775352478,-0.11256702989339828,-0.193575918674469,0,0.18746694922447205,-0.06263499706983566,0.9802719950675964,0,-0.1224709302186966,-0.9916679859161377,-0.03994183614850044,0,0.00004999999873689376,0.00865700002759695,0,1,0.9893889427185059,-0.13370195031166077,-0.056862201541662216,0,0.13370202481746674,0.6846780180931091,0.7164779901504517,0,-0.056862201541662216,-0.7164778709411621,0.6952890157699585,0,-0.000014999999621068127,0.007977000437676907,0,1,-0.20485275983810425,0.026274146512150764,0.97843998670578,0,-0.8223268389701843,-0.5467872023582458,-0.15748494863510132,0,0.5308609008789062,-0.8368590474128723,0.13361689448356628,0,-0.024251999333500862,0.11354199796915054,-0.0011470000026747584,1,0.17626316845417023,-0.9842810034751892,0.011034345254302025,0,0.9585000872612,0.17417660355567932,0.22570155560970306,0,-0.22407564520835876,-0.029206454753875732,0.9741341471672058,0,0,0.08369699865579605,0,1,0.1445361226797104,-0.9890699982643127,-0.029148073866963387,0,0.9890890717506409,0.14356470108032227,0.033057041466236115,0,-0.02851107530295849,-0.03360795974731445,0.9990280270576477,0,0,0.15240700542926788,0,1,0.938559889793396,-0.22086231410503387,-0.2651881277561188,0,0.04001668840646744,0.8328661918640137,-0.5520257353782654,0,0.34278789162635803,0.507497251033783,0.7905328869819641,0,0,0.1556140035390854,0,1,0.776589035987854,-0.4296320974826813,0.460787832736969,0,0.007854879833757877,0.7379468679428101,0.6748130917549133,0,-0.6299581527709961,-0.5204328894615173,0.5764559507369995,0,0.011339999735355377,0.017806999385356903,0.006459000054746866,1,0.4692498445510864,0.6958762407302856,0.5436556935310364,0,-0.8825397491455078,0.3907974064350128,0.26153498888015747,0,-0.030463214963674545,-0.6025229692459106,0.7975199222564697,0,0.0006210000137798488,0.017650999128818512,0,1,0.9453430771827698,0.2917509078979492,0.14563080668449402,0,-0.3207731246948242,0.9122949838638306,0.2546010911464691,0,-0.058578185737133026,-0.28739994764328003,0.9560179710388184,0,0.0008079999824985862,0.016551999375224113,0,1,0.9952810406684875,0.03461269661784172,0.09064960479736328,0,-0.09525930136442184,0.17073561251163483,0.9807010889053345,0,0.018467599526047707,-0.9847090244293213,0.1732272058725357,0,0.01464099995791912,0.07246299833059311,0.00034500000765547156,1,0.983646035194397,0.11850173026323318,0.13563667237758636,0,-0.10406827926635742,-0.240701824426651,0.9650040864944458,0,0.1470026671886444,-0.9633380770683289,-0.22443315386772156,0,-0.00004999999873689376,0.008921000175178051,0,1,0.9941139817237854,0.0942298024892807,0.05346844345331192,0,-0.1003831997513771,0.6154361367225647,0.7817679643630981,0,0.04075944423675537,-0.7825340628623962,0.6212729215621948,0,-0.000022000000171829015,0.00836899969726801,0,1,0.9936820268630981,0.05351009964942932,0.09865926951169968,0,-0.10643590986728668,0.1703369915485382,0.9796211123466492,0,0.035614266991615295,-0.9839320182800293,0.1749560832977295,0,0.005561999976634979,0.07470999658107758,-0.0013729999773204327,1,0.9799781441688538,0.12339603900909424,0.15625931322574615,0,-0.12339595705270767,-0.23951603472232819,0.9630188941955566,0,0.15625932812690735,-0.963019073009491,-0.21949388086795807,0,-0.00002099999983329326,0.009185000322759151,0,1,0.9938070178031921,0.10005596280097961,0.0483287051320076,0,-0.10005604475736618,0.6166378259658813,0.7808631658554077,0,0.0483287051320076,-0.7808628082275391,0.6228301525115967,0,0.00002700000004551839,0.009095000103116035,0,1,0.9947280287742615,0.05016423016786575,0.08944394439458847,0,-0.09678277373313904,0.17083141207695007,0.9805349111557007,0,0.0339079424738884,-0.9840220808982849,0.1747857928276062,0,-0.006051999982446432,0.06717199832201004,-0.0009280000231228769,1,0.9804250001907349,0.1334162801504135,0.14480221271514893,0,-0.10989872366189957,-0.23940378427505493,0.9646800756454468,0,0.16337020695209503,-0.9617098569869995,-0.22005513310432434,0,-0.000050999999075429514,0.010259999893605709,0,1,0.9917670488357544,0.1148567870259285,0.056617092341184616,0,-0.11570821702480316,0.6143997311592102,0.7804641723632812,0,0.05485609173774719,-0.780589759349823,0.6226312518119812,0,-0.00005900000178371556,0.010266000404953957,0,1,0.99378901720047,0.07236919552087784,0.08453185856342316,0,-0.0958688035607338,0.17111490666866302,0.9805759787559509,0,0.05649885535240173,-0.9825899600982666,0.17699012160301208,0,-0.014151000417768955,0.05815799906849861,0.00025099999038502574,1,0.9711268544197083,0.1547972559928894,0.18152016401290894,0,-0.1410597711801529,-0.24103087186813354,0.960211992263794,0,0.19239017367362976,-0.9580929279327393,-0.21223589777946472,0,-0.00005700000110664405,0.009421000257134438,0,1,0.990014910697937,0.1236312985420227,0.06771384179592133,0,-0.13000068068504333,0.6150831580162048,0.7776709794998169,0,0.05449485406279564,-0.7787090539932251,0.6250138878822327,0,-0.000007000000096013537,0.008631999604403973,0,1,-0.8530440330505371,-0.10841517895460129,0.510452926158905,0,0.40037885308265686,-0.7633342742919922,0.5069687962532043,0,0.3346830904483795,0.6368412971496582,0.6945648193359375,0,0.054579999297857285,-0.044266000390052795,-0.00036800000816583633,1,0.9703580141067505,0.23385830223560333,0.06096413731575012,0,-0.058483708649873734,0.4719870984554291,-0.8796640038490295,0,-0.23449085652828217,0.8500229716300964,0.47167301177978516,0,0,0.2833159863948822,0,1,0.9636750221252441,-0.22266295552253723,-0.1474841982126236,0,0.18207001686096191,0.1436881572008133,0.9727298617362976,0,-0.1953991949558258,-0.9642478823661804,0.17900893092155457,0,0,0.24336299300193787,0,1,0.9998689889907837,0,-0.016155796125531197,0,0.008325877599418163,0.8569838404655457,0.5152752995491028,0,0.013845203444361687,-0.5153427124023438,0.8568722009658813,0,0,0.08242200314998627,0,1,-0.9406800866127014,0.025049377232789993,-0.3383687734603882,0,-0.13802359998226166,-0.9392779469490051,0.31417715549468994,0,-0.3099521994590759,0.34224286675453186,0.8870169520378113,0,-0.054579999297857285,-0.044266000390052795,0.004178000148385763,1,0.9944879412651062,-0.07665713876485825,0.07153020799160004,0,0.10477586835622787,0.7014856934547424,-0.7049393653869629,0,0.0038612098433077335,0.7085486650466919,0.7056512832641602,0,0,0.26787498593330383,0,1,0.9698129892349243,0.23939597606658936,0.04638665169477463,0,-0.07804904133081436,0.12452173233032227,0.9891420006752014,0,0.23102067410945892,-0.9629039168357849,0.13944752514362335,0,0,0.22586800158023834,0,1,0.9997929334640503,0,0.020349159836769104,0,-0.010586053133010864,0.8540309071540833,0.5201151967048645,0,-0.01737883873283863,-0.5202229022979736,0.8538540601730347,0,0,0.08159500360488892,0,1
K0.033,0.8875459432601929,-0.06057437136769295,0.4567200243473053,0,0.04539063200354576,0.997992992401123,0.04415511712431908,0,-0.4584779441356659,-0.018458880484104156,0.88851398229599,0,0.007346999831497669,0.5433070063591003,0.001781999715603888,1,0.9963470101356506,0.07929594814777374,0.031709130853414536,0,-0.08215704560279846,0.9913439750671387,0.10241100192070007,0,-0.023313868790864944,-0.10464198887348175,0.9942370057106018,0,0,0.07960599660873413,0.0029090000316500664,1,0.9998930096626282,0.003216863377019763,0.014284205622971058,0,-0.0035551367327570915,0.9997119903564453,0.023719871416687965,0,-0.014203794300556183,-0.02376812882721424,0.9996169209480286,0,0,0.0929350033402443,0,1,0.9998940229415894,0.0033013815991580486,0.014162801206111908,0,-0.0036376183852553368,0.9997109174728394,0.023781001567840576,0,-0.014080197550356388,-0.023830000311136246,0.9996169805526733,0,0,0.10621199756860733,0,1,0.9959110617637634,0.03793789818882942,-0.08198994398117065,0,-0.04338211193680763,0.9968979358673096,-0.0656728446483612,0,0.07924406975507736,0.06896116584539413,0.99446702003479,0,0,0.11948800086975098,0,1,0.8849281072616577,-0.0898725688457489,-0.45697492361068726,0,0.19951841235160828,0.9597618579864502,0.19761082530021667,0,0.4208270013332367,-0.26604610681533813,0.8672508597373962,0,0,0.030191000550985336,0.005729000084102154,1,-0.006042339839041233,0.012681804597377777,-0.9999009966850281,0,0.9427390098571777,-0.33338284492492676,-0.009925219230353832,0,-0.33347582817077637,-0.9427060484886169,-0.00994123611599207,0,0.024251999333500862,0.11364100128412247,0.0015780000248923898,1,0.6669548749923706,0.4211820065975189,0.614635169506073,0,-0.6178340315818787,0.7737009525299072,0.14024339616298676,0,-0.4164758622646332,-0.47327861189842224,0.7762442827224731,0,0,0.08369699865579605,0,1,0.1231619343161583,0.9798660278320312,-0.15714196860790253,0,-0.9794939756393433,0.09458694607019424,-0.17788909375667572,0,-0.15944398939609528,0.17582888901233673,0.9714229702949524,0,0,0.15276600420475006,0,1,0.8973668813705444,0.23513612151145935,0.3734222948551178,0,-0.26886287331581116,0.9623420238494873,0.04013491049408913,0,-0.349922776222229,-0.13641510903835297,0.926793098449707,0,0,0.15560699999332428,0,1,0.9326709508895874,0.19824406504631042,-0.30137208104133606,0,0.08390405774116516,0.6933179497718811,0.7157300114631653,0,0.3508358895778656,-0.6928269863128662,0.6300040483474731,0,-0.012005000375211239,0.017687000334262848,0.006289999932050705,1,0.6051433086395264,-0.7584558129310608,-0.24196265637874603,0,0.7299821376800537,0.6499078273773193,-0.2115309089422226,0,0.317690372467041,-0.048621926456689835,0.9469468593597412,0,-0.00020300000323913991,0.01782499998807907,0,1,0.9130939245223999,-0.40330925583839417,-0.060003045946359634,0,0.3965257704257965,0.9125831127166748,-0.09979474544525146,0,0.09500595182180405,0.06732924282550812,0.9931970238685608,0,0.0004250000056345016,0.016036000102758408,0,1,0.9907020330429077,-0.06479009985923767,-0.11963479220867157,0,0.12477291375398636,0.08211219310760498,0.9887819290161133,0,-0.05423978343605995,-0.9945150017738342,0.0894327163696289,0,-0.015014000236988068,0.06937500089406967,-0.00023400000645779073,1,0.982507050037384,-0.12806710600852966,-0.13520145416259766,0,0.12806689739227295,-0.06243211403489113,0.9897980093955994,0,-0.13520145416259766,-0.9897980690002441,-0.044938817620277405,0,-0.000037000001611886546,0.009588000364601612,0,1,0.9959879517555237,-0.08372233062982559,-0.0315980389714241,0,0.0805966705083847,0.6858229637145996,0.7232921719551086,0,-0.03888504207134247,-0.7229369282722473,0.6898190975189209,0,-0.00003300000025774352,0.009341999888420105,0,1,0.9906110763549805,-0.06651239842176437,-0.11944250762462616,0,0.12475161254405975,0.08239411562681198,0.9887610673904419,0,-0.05592349171638489,-0.9943779706954956,0.08991801738739014,0,-0.00456599984318018,0.07043100148439407,-0.000750000006519258,1,0.982029914855957,-0.12978145480155945,-0.13701780140399933,0,0.12978051602840424,-0.06271087378263474,0.9895579814910889,0,-0.1370188146829605,-0.9895579218864441,-0.04474085569381714,0,0,0.01130400039255619,0,1,0.9946680068969727,-0.09477697312831879,-0.04065537080168724,0,0.09477704018354416,0.6846789717674255,0.7226570248603821,0,-0.04065537080168724,-0.7226570248603821,0.6900109648704529,0,0.000035000000934815034,0.011048000305891037,0,1,0.9897930026054382,-0.07947127521038055,-0.11830063164234161,0,0.12477273494005203,0.08211326599121094,0.9887820482254028,0,-0.06886563450098038,-0.9934489727020264,0.0911908745765686,0,0.005927000194787979,0.07049799710512161,-0.001155999954789877,1,0.9782890677452087,-0.14267300069332123,-0.15031681954860687,0,0.14267300069332123,-0.062431976199150085,0.9877989888191223,0,-0.15031681954860687,-0.9877989888191223,-0.04072092846035957,0,0,0.009239999577403069,0,1,0.993556022644043,-0.10418998450040817,-0.04461297020316124,0,0.10419001430273056,0.6846780776977539,0.7213599681854248,0,-0.04461297392845154,-0.7213600873947144,0.6911219358444214,0,0.000009000000318337698,0.008469999767839909,0,1,0.9749318957328796,-0.1260884702205658,-0.18333028256893158,0,0.19493655860424042,0.08677911758422852,0.9769691228866577,0,-0.10727526992559433,-0.988215982913971,0.10918295383453369,0,0.013652999885380268,0.06073300167918205,-0.00022699999681208283,1,0.9746059775352478,-0.1125670075416565,-0.19357599318027496,0,0.18746697902679443,-0.06263552606105804,0.9802719950675964,0,-0.12247101217508316,-0.9916679263114929,-0.03994235396385193,0,0.00004999999873689376,0.00865700002759695,0,1,0.9893890619277954,-0.13370175659656525,-0.056862711906433105,0,0.13370223343372345,0.6846779584884644,0.7164779901504517,0,-0.05686170980334282,-0.7164779305458069,0.6952889561653137,0,-0.000014999999621068127,0.007977000437676907,0,1,-0.2055126279592514,0.026153597980737686,0.9783051013946533,0,-0.8211762309074402,-0.5484117865562439,-0.15784354507923126,0,0.5323855876922607,-0.8357992172241211,0.1341821700334549,0,-0.024251999333500862,0.11354199796915054,-0.0011470000026747584,1,0.17650693655014038,-0.9842309951782227,0.011647500097751617,0,0.9584990739822388,0.1745598018169403,0.22540885210037231,0,-0.22388748824596405,-0.028622101992368698,0.974195122718811,0,0,0.08369699865579605,0,1,0.1440640091896057,-0.9891379475593567,-0.029163720086216927,0,0.9891570210456848,0.1430920660495758,0.033058881759643555,0,-0.028526723384857178,-0.03361012041568756,0.9990280866622925,0,0,0.15240700542926788,0,1,0.9403899312019348,-0.21655479073524475,-0.26224228739738464,0,0.039037130773067474,0.834710955619812,-0.5493031740188599,0,0.3378506600856781,0.5063218474388123,0.7934072613716125,0,0,0.1556140035390854,0,1,0.7765887975692749,-0.42963215708732605,0.46078813076019287,0,0.00785481184720993,0.7379469871520996,0.6748129725456238,0,-0.6299588680267334,-0.5204330086708069,0.5764562487602234,0,0.011339999735355377,0.017806999385356903,0.006459000054746866,1,0.4692501425743103,0.6958761811256409,0.5436555743217468,0,-0.8825400471687317,0.3907979428768158,0.2615351378917694,0,-0.03046341799199581,-0.6025228500366211,0.7975200414657593,0,0.0006210000137798488,0.017650999128818512,0,1,0.9453429579734802,0.29175126552581787,0.14563094079494476,0,-0.3207736909389496,0.9122951626777649,0.2546016275882721,0,-0.05857804790139198,-0.28740039467811584,0.9560178518295288,0,0.0008079999824985862,0.016551999375224113,0,1,0.9952809810638428,0.03461321070790291,0.09064999222755432,0,-0.09525979310274124,0.1707361936569214,0.9807010293006897,0,0.018467988818883896,-0.9847091436386108,0.17322786152362823,0,0.01464099995791912,0.07246299833059311,0.00034500000765547156,1,0.9836459159851074,0.11850234866142273,0.135636106133461,0,-0.10406764596700668,-0.24070118367671967,0.9650039076805115,0,0.14700309932231903,-0.9633380770683289,-0.22443260252475739,0,-0.00004999999873689376,0.008921000175178051,0,1,0.9941139817237854,0.0942300483584404,0.05346795171499252,0,-0.10038295388221741,0.6154358386993408,0.7817682027816772,0,0.04075995087623596,-0.7825337648391724,0.6212723255157471,0,-0.000022000000171829015,0.00836899969726801,0,1,0.9936820268630981,0.05351009964942932,0.09865926951169968,0,-0.10643590986728668,0.1703369915485382,0.9796211123466492,0,0.035614266991615295,-0.9839320182800293,0.1749560832977295,0,0.005561999976634979,0.07470999658107758,-0.0013729999773204327,1,0.9799781441688538,0.12339603900909424,0.15625931322574615,0,-0.12339595705270767,-0.23951603472232819,0.9630188941955566,0,0.15625932812690735,-0.963019073009491,-0.21949388086795807,0,-0.00002099999983329326,0.009185000322759151,0,1,0.9938070178031921,0.100055992603302,0.048328742384910583,0,-0.1000560075044632,0.616637110710144,0.7808629274368286,0,0.048328742384910583,-0.7808631062507629,0.6228298544883728,0,0.00002700000004551839,0.009095000103116035,0,1,0.9947280287742615,0.05016423016786575,0.08944394439458847,0,-0.09678277373313904,0.17083141207695007,0.9805349111557007,0,0.0339079424738884,-0.9840220808982849,0.1747857928276062,0,-0.006051999982446432,0.06717199832201004,-0.0009280000231228769,1,0.9804251194000244,0.13341578841209412,0.144801527261734,0,-0.10989820212125778,-0.2394031584262848,0.9646798372268677,0,0.16336952149868011,-0.9617100358009338,-0.2200547605752945,0,-0.000050999999075429514,0.010259999893605709,0,1,0.9917669296264648,0.1148572787642479,0.05661732703447342,0,-0.11570872366428375,0.6143997311592102,0.7804642915725708,0,0.054856326431035995,-0.7805896997451782,0.622631311416626,0,-0.00005900000178371556,0.010266000404953957,0,1,0.99378901720047,0.07236919552087784,0.08453185856342316,0,-0.0958688035607338,0.17111490666866302,0.9805759787559509,0,0.05649885535240173,-0.9825899600982666,0.17699012160301208,0,-0.014151000417768955,0.05815799906849861,0.00025099999038502574,1,0.9711268544197083,0.1547972559928894,0.18152008950710297,0,-0.1410597413778305,-0.24103042483329773,0.9602118730545044,0,0.1923900991678238,-0.9580930471420288,-0.21223552525043488,0,-0.00005700000110664405,0.009421000257134438,0,1,0.990014910697937,0.1236312985420227,0.06771384179592133,0,-0.13000068068504333,0.6150831580162048,0.7776709794998169,0,0.05449485406279564,-0.7787090539932251,0.6250138878822327,0,-0.000007000000096013537,0.008631999604403973,0,1,-0.8524221181869507,-0.10800696909427643,0.5115779638290405,0,0.40090101957321167,-0.7631101012229919,0.5068937540054321,0,0.33564209938049316,0.6371792554855347,0.6937916874885559,0,0.054579999297857285,-0.044266000390052795,-0.00036800000816583633,1,0.9706180691719055,0.23305293917655945,0.059889037162065506,0,-0.0590500645339489,0.4719759225845337,-0.8796320557594299,0,-0.2332669496536255,0.8502500653266907,0.47186997532844543,0,0,0.2833159863948822,0,1,0.9638161063194275,-0.22213251888751984,-0.14736388623714447,0,0.18185648322105408,0.14372403919696808,0.9727649092674255,0,-0.19490288197994232,-0.9643650650978088,0.1789196878671646,0,0,0.24336299300193787,0,1,0.9998689889907837,0,-0.01615629717707634,0,0.008326017297804356,0.8569838404655457,0.5152752995491028,0,0.01384570449590683,-0.5153427124023438,0.8568722009658813,0,0,0.08242200314998627,0,1,-0.9408109784126282,0.02460619993507862,-0.3380381762981415,0,-0.13745880126953125,-0.9393551349639893,0.31419169902801514,0,-0.30980685353279114,0.342061311006546,0.8871379494667053,0,-0.054579999297857285,-0.044266000390052795,0.004178000148385763,1,0.9944560527801514,-0.07750807702541351,0.07106268405914307,0,0.10504591464996338,0.7015820145606995,-0.704804003238678,0,0.004771704785525799,0.7083610892295837,0.7058340311050415,0,0,0.26787498593330383,0,1,0.9697080254554749,0.23980993032455444,0.04644002765417099,0,-0.07819808274507523,0.1246606707572937,0.9891130328178406,0,0.23141004145145416,-0.9627830386161804,0.13963721692562103,0,0,0.22586800158023834,0,1,0.9997929334640503,0,0.020349163562059402,0,-0.010586042888462543,0.8540309071540833,0.5201141834259033,0,-0.01737883687019348,-0.5202218890190125,0.8538540601730347,0,0,0.08159500360488892,0,1
