1.700,30,50,65
B0,mixamorig_Hips,-1,0.6410738825798035,-0.11543647944927216,0.7587483525276184,0,0.09638268500566483,0.9929063320159912,0.06962676346302032,0,-0.7614029049873352,0.028494277969002724,0.6476519107818604,0,0.03489185869693756,0.4852723181247711,0.09069659560918808,1
B1,mixamorig_Spine,0,0.9962387681007385,0.08619033545255661,-0.008898464031517506,0,-0.08392510563135147,0.9853701591491699,0.14833328127861023,0,0.021553177386522293,-0.1470285803079605,0.9888975024223328,0,0,0.07960599660873413,0.0029090000316500664,1
B2,mixamorig_Spine1,1,0.9995003938674927,0.0012054078979417682,-0.03158650919795036,0,0.003773662494495511,0.9875755310058594,0.15709897875785828,0,0.031383417546749115,-0.1571396291255951,0.9870771765708923,0,0,0.0929350033402443,0,1
B3,mixamorig_Spine2,2,0.99946528673172,0.002105055144056678,-0.03263380378484726,0,0.0030410478357225657,0.9876185655593872,0.15684391558170319,0,0.03255992382764816,-0.15685933828353882,0.9870843291282654,0,0,0.10621199756860733,0,1
B4,mixamorig_Neck,3,0.9955592155456543,-0.07059360295534134,-0.06228268891572952,0,0.07624290138483047,0.992690920829773,0.09355238825082779,0,0.055223215371370316,-0.09788548946380615,0.9936640858650208,0,0,0.11948800086975098,0,1
B5,mixamorig_Head,4,0.9205999374389648,-0.23528937995433807,-0.31166476011276245,0,0.29487892985343933,0.9420777559280396,0.1598019003868103,0,0.25601276755332947,-0.23901699483394623,0.9366585612297058,0,0,0.030191000550985336,0.005729000084102154,1
B6,mixamorig_HeadTop_End,5,1,0,0,0,0,1,0,0,0,0,1,0,0,0.16785000264644623,0.03185199946165085,1
B7,mixamorig_LeftShoulder,3,-0.1010914072394371,-0.012753339484333992,-0.9947952032089233,0,0.8739614486694336,-0.47891268134117126,-0.08267254382371902,0,-0.475365549325943,-0.877769947052002,0.059559840708971024,0,0.024251999333500862,0.11364100128412247,0.0015780000248923898,1
B8,mixamorig_LeftArm,7,0.8185602426528931,0.561813473701477,0.11968491226434708,0,-0.5581386685371399,0.728646457195282,0.39693188667297363,0,0.1357937604188919,-0.39171361923217773,0.9100112318992615,0,0,0.08369699865579605,0,1
B9,mixamorig_LeftForeArm,8,-0.171492338180542,0.9624004364013672,-0.21065591275691986,0,-0.962035596370697,-0.2096707671880722,-0.17471858859062195,0,-0.21231742203235626,0.17269541323184967,0.9618194699287415,0,0,0.15276600420475006,0,1
B10,mixamorig_LeftHand,9,0.9980579614639282,-0.06081497296690941,0.013501274399459362,0,0.06221860647201538,0.9839063286781311,-0.16750568151474,0,-0.0030971320811659098,0.16802026331424713,0.9857783913612366,0,0,0.15560699999332428,0,1
B11,mixamorig_LeftHandThumb1,10,0.9216969013214111,0.37337732315063477,-0.10518600046634674,0,-0.2553066611289978,0.7880458831787109,0.5601802468299866,0,0.29205000400543213,-0.4894617199897766,0.8216652274131775,0,-0.012005000375211239,0.017687000334262848,0.006289999932050705,1
B12,mixamorig_LeftHandThumb2,11,0.9246450066566467,-0.38078901171684265,-0.005564974155277014,0,0.38081303238868713,0.9246420860290527,0.00419546477496624,0,0.003548025619238615,-0.005998535547405481,0.9999759793281555,0,-0.00020300000323913991,0.01782499998807907,0,1
B13,mixamorig_LeftHandThumb3,12,0.5872341990470886,-0.7652288675308228,0.26378095149993896,0,0.7840061187744141,0.6187629699707031,0.04966244474053383,0,-0.2012210637331009,0.17764244973659515,0.9633030891418457,0,0.0004250000056345016,0.016036000102758408,0,1
B14,mixamorig_LeftHandThumb4,13,1,0,0,0,0,1,0,0,0,0,1,0,-0.00022200000239536166,0.013601000420749187,0,1
B15,mixamorig_LeftHandIndex1,10,0.9928690195083618,-0.062022313475608826,-0.10180773586034775,0,0.11316368728876114,0.22177499532699585,0.9685090780258179,0,-0.03749074041843414,-0.9731230139732361,0.227212056517601,0,-0.015014000236988068,0.06937500089406967,-0.00023400000645779073,1
B16,mixamorig_LeftHandIndex2,15,0.9801828861236572,-0.12563060224056244,-0.15316395461559296,0,0.12563037872314453,-0.20358066260814667,0.9709641933441162,0,-0.15316395461559296,-0.9709639549255371,-0.18376316130161285,0,-0.000037000001611886546,0.009588000364601612,0,1
B17,mixamorig_LeftHandIndex3,16,0.9884849786758423,-0.12194807827472687,-0.08958412706851959,0,0.11292792111635208,0.20047101378440857,0.9731689691543579,0,-0.10071712732315063,-0.9720799326896667,0.21193403005599976,0,-0.00003300000025774352,0.009341999888420105,0,1
B18,mixamorig_LeftHandIndex4,17,1,0,0,0,0,1,0,0,0,0,1,0,0.00007000000186963007,0.007697000168263912,0,1
B19,mixamorig_LeftHandMiddle1,10,0.9928060173988342,-0.06370313465595245,-0.10137821733951569,0,0.1131388247013092,0.22204996645450592,0.9684489369392395,0,-0.03918221592903137,-0.9729520082473755,0.2276598960161209,0,-0.00456599984318018,0.07043100148439407,-0.000750000006519258,1
B20,mixamorig_LeftHandMiddle2,19,0.9796429872512817,-0.12730690836906433,-0.1552172154188156,0,0.12730708718299866,-0.20385503768920898,0.9706889986991882,0,-0.1552172154188156,-0.970689058303833,-0.18349811434745789,0,0,0.01130400039255619,0,1
B21,mixamorig_LeftHandMiddle3,20,0.9864529967308044,-0.12744002044200897,-0.10329210758209229,0,0.12744000554084778,0.19887162744998932,0.9717040657997131,0,-0.10329210758209229,-0.971703827381134,0.21241846680641174,0,0.000035000000934815034,0.011048000305891037,0,1
B22,mixamorig_LeftHandMiddle4,21,1,0,0,0,0,1,0,0,0,0,1,0,-0.000035000000934815034,0.00976799987256527,0,1
B23,mixamorig_LeftHandRing1,10,0.9922070503234863,-0.07638733088970184,-0.09844094514846802,0,0.11316368728876114,0.22177593410015106,0.9685089588165283,0,-0.052149973809719086,-0.9721010327339172,0.22869183123111725,0,0.005927000194787979,0.07049799710512161,-0.001155999954789877,1
B24,mixamorig_LeftHandRing2,23,0.9754049777984619,-0.13995800912380219,-0.1702868938446045,0,0.1399579644203186,-0.2035810500383377,0.969002902507782,0,-0.1702868938446045,-0.9690030217170715,-0.17898568511009216,0,9.999999974752427e-7,0.009239999577403069,0,1
B25,mixamorig_LeftHandRing3,24,0.9836291074752808,-0.14009606838226318,-0.11334630846977234,0,0.14009591937065125,0.1988709568977356,0.9699599742889404,0,-0.11334627866744995,-0.9699600338935852,0.21524210274219513,0,0.000009000000318337698,0.008469999767839909,0,1
B26,mixamorig_LeftHandRing4,25,1,0,0,0,0,1,0,0,0,0,1,0,-0.000009999999747378752,0.0076049999333918095,0,1
B27,mixamorig_LeftHandPinky1,10,0.9843700528144836,-0.12450787425041199,-0.12454992532730103,0,0.15037615597248077,0.22614572942256927,0.9624160528182983,0,-0.0916619524359703,-0.9661029577255249,0.24133412539958954,0,0.013652999885380268,0.06073300167918205,-0.00022699999681208283,1
B28,mixamorig_LeftHandPinky2,27,0.9696581363677979,-0.1091306060552597,-0.2187545746564865,0,0.19382040202617645,-0.2021532952785492,0.9599828720092773,0,-0.1489855796098709,-0.9732550978660583,-0.17486798763275146,0,0.00004999999873689376,0.00865700002759695,0,1
B29,mixamorig_LeftHandPinky3,28,0.9730640053749084,-0.1797529011964798,-0.14434203505516052,0,0.1797531098127365,0.19956813752651215,0.9632560610771179,0,-0.14434202015399933,-0.9632560610771179,0.22650377452373505,0,-0.000014999999621068127,0.007977000437676907,0,1
B30,mixamorig_LeftHandPinky4,29,1,0,0,0,0,1,0,0,0,0,1,0,-0.000035000000934815034,0.0071020000614225864,0,1
B31,mixamorig_RightShoulder,3,0.20703630149364471,-0.04109960421919823,0.9774700403213501,0,-0.8923567533493042,-0.41749468445777893,0.17145417630672455,0,0.4010418951511383,-0.9077491164207458,-0.12311197817325592,0,-0.024251999333500862,0.11354199796915054,-0.0011470000026747584,1
B32,mixamorig_RightArm,31,0.7039974331855774,-0.6938419938087463,-0.1515638828277588,0,0.6419761776924133,0.5304374098777771,0.553627073764801,0,-0.3037344813346863,-0.487052321434021,0.818856418132782,0,0,0.08369699865579605,0,1
B33,mixamorig_RightForeArm,32,-0.5858525633811951,-0.8086459636688232,-0.053558479994535446,0,0.8086611032485962,-0.5876535773277283,0.027027534320950508,0,-0.05332953855395317,-0.027476508170366287,0.9981988072395325,0,0,0.15240700542926788,0,1
B34,mixamorig_RightHand,33,0.9963677525520325,-0.019646314904093742,0.08285051584243774,0,0.03520958125591278,0.9809949398040771,-0.19081059098243713,0,-0.07752731442451477,0.19303488731384277,0.978124737739563,0,0,0.1556140035390854,0,1
B35,mixamorig_RightHandThumb1,34,0.961258053779602,-0.2651548981666565,-0.07533976435661316,0,0.26511406898498535,0.8144689202308655,0.5160970091819763,0,-0.07548375427722931,-0.5160759687423706,0.853210985660553,0,0.011339999735355377,0.017806999385356903,0.006459000054746866,1
B36,mixamorig_RightHandThumb2,35,0.8880689144134521,0.4497520923614502,0.09516806155443192,0,-0.4570809602737427,0.8859720826148987,0.07829933613538742,0,-0.04910093545913696,-0.1130346730351448,0.9923770427703857,0,0.0006210000137798488,0.017650999128818512,0,1
B37,mixamorig_RightHandThumb3,36,0.6136811971664429,0.7865588068962097,-0.0687083750963211,0,-0.7890551090240479,0.6078728437423706,-0.08878976106643677,0,-0.02807239629328251,0.10870324820280075,0.9936779141426086,0,0.0008079999824985862,0.016551999375224113,0,1
B38,mixamorig_RightHandThumb4,37,1,0,0,0,0,1,0,0,0,0,1,0,-0.001429000054486096,0.013016999699175358,0,1
B39,mixamorig_RightHandIndex1,34,0.995760977268219,0.03312911093235016,0.08580190688371658,0,-0.09095089137554169,0.21580982208251953,0.9721900820732117,0,0.013690906576812267,-0.9758729338645935,0.21790817379951477,0,0.01464099995791912,0.07246299833059311,0.00034500000765547156,1
B40,mixamorig_RightHandIndex2,39,0.9864040017127991,0.12174923717975616,0.11038096994161606,0,-0.10984277725219727,-0.011143860407173634,0.9938860535621643,0,0.12223497033119202,-0.992497980594635,0.00238092546351254,0,-0.00004999999873689376,0.008921000175178051,0,1
B41,mixamorig_RightHandIndex3,40,0.9917809963226318,0.10407939553260803,0.0744168609380722,0,-0.1127505972981453,0.4360259473323822,0.8928430080413818,0,0.06047885864973068,-0.8938949704170227,0.4441770911216736,0,-0.000022000000171829015,0.00836899969726801,0,1
B42,mixamorig_RightHandIndex4,41,1,0,0,0,0,1,0,0,0,0,1,0,0.00007200000254670158,0.007528000045567751,0,1
B43,mixamorig_RightHandMiddle1,34,0.9942920207977295,0.05238015949726105,0.09294601529836655,0,-0.10213281959295273,0.21542391180992126,0.9711649417877197,0,0.030847007408738136,-0.9751150012016296,0.21954414248466492,0,0.005561999976634979,0.07470999658107758,-0.0013729999773204327,1
B44,mixamorig_RightHandMiddle2,43,0.9836868643760681,0.12709002196788788,0.1273147016763687,0,-0.1270899921655655,-0.009908843785524368,0.9918420314788818,0,0.1273147016763687,-0.9918420314788818,0.006404666695743799,0,-0.00002099999983329326,0.009185000322759151,0,1
B45,mixamorig_RightHandMiddle3,44,0.9909120202064514,0.1142953410744667,0.07092712819576263,0,-0.11429464817047119,0.4373749792575836,0.891986072063446,0,0.07092807441949844,-0.8919858932495117,0.4464632570743561,0,0.00002700000004551839,0.009095000103116035,0,1
B46,mixamorig_RightHandMiddle4,45,1,0,0,0,0,1,0,0,0,0,1,0,-0.000007000000096013537,0.007675000000745058,0,1
B47,mixamorig_RightHandRing1,34,0.9952890872955322,0.04861190915107727,0.0838896855711937,0,-0.09247411042451859,0.21590593457221985,0.9720249772071838,0,0.029139690101146698,-0.9752029776573181,0.21938404440879822,0,-0.006051999982446432,0.06717199832201004,-0.0009280000231228769,1
B48,mixamorig_RightHandRing2,47,0.9840509295463562,0.134860098361969,0.11599910259246826,0,-0.11573589593172073,-0.009816747158765793,0.993230938911438,0,0.1350860893726349,-0.9908159375190735,0.005947981029748917,0,-0.000050999999075429514,0.010259999893605709,0,1
B49,mixamorig_RightHandRing3,48,0.988690972328186,0.1268017441034317,0.08007290959358215,0,-0.12796226143836975,0.4348639249801636,0.8913580179214478,0,0.0782049298286438,-0.891524076461792,0.44617193937301636,0,-0.00005900000178371556,0.010266000404953957,0,1
B50,mixamorig_RightHandRing4,49,1,0,0,0,0,1,0,0,0,0,1,0,0.00011000000085914508,0.008937000297009945,0,1
B51,mixamorig_RightHandPinky1,34,0.9944539666175842,0.07057520747184753,0.07797304540872574,0,-0.0915587916970253,0.2161850929260254,0.9720500111579895,0,0.05174601823091507,-0.9737980365753174,0.2214478850364685,0,-0.014151000417768955,0.05815799906849861,0.00025099999038502574,1
B52,mixamorig_RightHandPinky2,51,0.9761340022087097,0.15917393565177917,0.1477333903312683,0,-0.14780102670192719,-0.011481166817247868,0.9889511466026306,0,0.1591113656759262,-0.9871839880943298,0.012318910099565983,0,-0.00005700000110664405,0.009421000257134438,0,1
B53,mixamorig_RightHandPinky3,52,0.9858810305595398,0.13775703310966492,0.09518750011920929,0,-0.14661695063114166,0.435621976852417,0.8881089687347412,0,0.08087749779224396,-0.8895260095596313,0.4496690332889557,0,-0.000007000000096013537,0.008631999604403973,0,1
B54,mixamorig_RightHandPinky4,53,1,0,0,0,0,1,0,0,0,0,1,0,0.00006500000017695129,0.007710000034421682,0,1
B55,mixamorig_LeftUpLeg,0,-0.9016942381858826,-0.325234591960907,0.2849040925502777,0,0.4323747158050537,-0.6785534620285034,0.5938163995742798,0,0.00019301050633657724,0.6586258411407471,0.7524704337120056,0,0.054579999297857285,-0.044266000390052795,-0.00036800000816583633,1
B56,mixamorig_LeftLeg,55,0.984132707118988,0.0015685424441471696,-0.17742674052715302,0,-0.1742086261510849,0.19832666218280792,-0.9645293951034546,0,0.033675555139780045,0.9801346659660339,0.19545310735702515,0,0,0.2833159863948822,0,1
B57,mixamorig_LeftFoot,56,0.9207780957221985,-0.23106802999973297,-0.3142853379249573,0,0.29056882858276367,-0.13127028942108154,0.9478068351745605,0,-0.26026418805122375,-0.9640411734580994,-0.05372963100671768,0,0,0.24336299300193787,0,1
B58,mixamorig_LeftToeBase,57,0.9998608231544495,-0.0008081874111667275,-0.016660980880260468,0,0.009633085690438747,0.8434063792228699,0.5371900796890259,0,0.013617821969091892,-0.5372756123542786,0.8432963490486145,0,0,0.08242200314998627,0,1
B59,mixamorig_LeftToe_End,58,1,0,0,0,0,1,0,0,0,0,1,0,0,0.032836999744176865,0,1
B60,mixamorig_RightUpLeg,0,-0.889922022819519,0.36693355441093445,-0.27092310786247253,0,-0.40886783599853516,-0.9050251245498657,0.11728929728269577,0,-0.2021547555923462,0.21514998376369476,0.9554286003112793,0,-0.054579999297857285,-0.044266000390052795,0.004178000148385763,1
B61,mixamorig_RightLeg,60,0.9788967370986938,0.11990662664175034,0.16547657549381256,0,0.07573893666267395,0.5392081141471863,-0.838760495185852,0,-0.18979929387569427,0.8335930705070496,0.5187475681304932,0,0,0.26787498593330383,0,1
B62,mixamorig_RightFoot,61,0.8499281406402588,0.5124347805976868,0.12261002510786057,0,-0.15495382249355316,0.02067972533404827,0.987705409526825,0,0.5035989880561829,-0.8584774136543274,0.09697998315095901,0,0,0.22586800158023834,0,1
B63,mixamorig_RightToeBase,62,0.9997830390930176,0.0007373651606030762,0.020813729614019394,0,-0.01186438649892807,0.8415234088897705,0.5400907397270203,0,-0.01711699552834034,-0.5402203798294067,0.8413494825363159,0,0,0.08159500360488892,0,1
B64,mixamorig_RightToe_End,63,1,0,0,0,0,1,0,0,0,0,1,0,0,0.03182800114154816,0,1
@52,0,1,2,3,4,5,7,8,9,10,11,12,13,15,16,17,19,20,21,23,24,25,27,28,29,31,32,33,34,35,36,37,39,40,41,43,44,45,47,48,49,51,52,53,55,56,57,58,60,61,62,63
K0,0.8187339901924133,-0.08970406651496887,0.5671220421791077,0,0.09595593065023422,0.9952059984207153,0.018887724727392197,0,-0.5660979151725769,0.0389547236263752,0.823417067527771,0,0.011535000056028366,0.47325700521469116,0.0191430002450943,1,0.9931489825248718,0.11551285535097122,-0.017665937542915344,0,-0.11254613101482391,0.986204981803894,0.12137890607118607,0,0.03144305571913719,-0.1185590997338295,0.9924489855766296,0,0,0.07960599660873413,0.0029090000316500664,1,0.9985030293464661,0.023276057094335556,-0.049491096287965775,0,-0.016747940331697464,0.9915750622749329,0.12844909727573395,0,0.052063897252082825,-0.127427875995636,0.9904800057411194,0,0,0.0929350033402443,0,1,0.9983490109443665,0.024069292470812798,-0.05214719474315643,0,-0.017254706472158432,0.9917020797729492,0.12739606201648712,0,0.054780807346105576,-0.12628594040870667,0.9904800057411194,0,0,0.10621199756860733,0,1,0.9955769777297974,-0.08129135519266129,-0.04709422215819359,0,0.08673664927482605,0.9879340529441833,0.1283068060874939,0,0.03609577193856239,-0.13182418048381805,0.990615963935852,0,0,0.11948800086975098,0,1,0.9579759240150452,-0.19986699521541595,-0.20575617253780365,0,0.2533929944038391,0.9258188605308533,0.28044718503952026,0,0.1344408243894577,-0.3207987844944,0.9375571012496948,0,0,0.030191000550985336,0.005729000084102154,1,-0.08096221089363098,-0.008178611285984516,-0.9966840147972107,0,0.8524552583694458,-0.5187458395957947,-0.06498949229717255,0,-0.516493558883667,-0.8548893332481384,0.04897056519985199,0,0.024251999333500862,0.11364100128412247,0.0015780000248923898,1,0.8048161864280701,0.5823207497596741,0.11477494239807129,0,-0.5431071519851685,0.6445549130439758,0.5381289124488831,0,0.23938493430614471,-0.495430052280426,0.8350110054016113,0,0,0.08369699865579605,0,1,-0.3102551996707916,0.920930802822113,-0.2358560711145401,0,-0.920581042766571,-0.35295572876930237,-0.16718988120555878,0,-0.23721708357334137,0.16525311768054962,0.9572979211807251,0,0,0.15276600420475006,0,1,0.9996060132980347,0.006481068208813667,-0.027305133640766144,0,-0.01267993077635765,0.9722950458526611,-0.233414888381958,0,0.025035863742232323,0.23366910219192505,0.9719939231872559,0,0,0.15560699999332428,0,1,0.9216969013214111,0.37337711453437805,-0.10518542677164078,0,-0.25530683994293213,0.78804612159729,0.5601808428764343,0,0.2920495569705963,-0.4894621670246124,0.8216651082038879,0,-0.012005000375211239,0.017687000334262848,0.006289999932050705,1,0.9246448278427124,-0.3807894289493561,-0.0055648768320679665,0,0.3808135688304901,0.9246422052383423,0.004194964654743671,0,0.0035481236409395933,-0.0059980358928442,0.9999759793281555,0,-0.00020300000323913991,0.01782499998807907,0,1,0.5872341990470886,-0.7652288675308228,0.26378095149993896,0,0.7840061187744141,0.6187629699707031,0.04966244474053383,0,-0.2012210637331009,0.17764244973659515,0.9633030891418457,0,0.0004250000056345016,0.016036000102758408,0,1,0.9928690195083618,-0.062022313475608826,-0.10180773586034775,0,0.11316368728876114,0.22177499532699585,0.9685090780258179,0,-0.03749074041843414,-0.9731230139732361,0.227212056517601,0,-0.015014000236988068,0.06937500089406967,-0.00023400000645779073,1,0.9801831245422363,-0.12563066184520721,-0.15316399931907654,0,0.12563036382198334,-0.2035808265209198,0.9709640741348267,0,-0.15316399931907654,-0.9709639549255371,-0.18376334011554718,0,-0.000037000001611886546,0.009588000364601612,0,1,0.9884849786758423,-0.12194807827472687,-0.08958412706851959,0,0.11292792111635208,0.20047101378440857,0.9731689691543579,0,-0.10071712732315063,-0.9720799326896667,0.21193403005599976,0,-0.00003300000025774352,0.009341999888420105,0,1,0.9928060173988342,-0.06370314210653305,-0.10137830674648285,0,0.11313885450363159,0.2220490276813507,0.9684489965438843,0,-0.03918230161070824,-0.9729519486427307,0.2276589423418045,0,-0.00456599984318018,0.07043100148439407,-0.000750000006519258,1,0.9796429872512817,-0.12730638682842255,-0.15521661937236786,0,0.12730662524700165,-0.20385488867759705,0.9706891179084778,0,-0.15521660447120667,-0.9706891179084778,-0.18349811434745789,0,0,0.01130400039255619,0,1,0.9864529967308044,-0.12744003534317017,-0.10329217463731766,0,0.12743999063968658,0.19887098670005798,0.9717040657997131,0,-0.10329217463731766,-0.9717040657997131,0.2124178558588028,0,0.000035000000934815034,0.011048000305891037,0,1,0.9922069907188416,-0.07638821005821228,-0.09844083338975906,0,0.11316380649805069,0.22177602350711823,0.9685091376304626,0,-0.05215083435177803,-0.9721009731292725,0.22869199514389038,0,0.005927000194787979,0.07049799710512161,-0.001155999954789877,1,0.9754049777984619,-0.13995802402496338,-0.17028678953647614,0,0.13995793461799622,-0.20358067750930786,0.9690030217170715,0,-0.17028678953647614,-0.9690030217170715,-0.17898528277873993,0,0,0.009239999577403069,0,1,0.9836289882659912,-0.14009658992290497,-0.11334669589996338,0,0.14009642601013184,0.19887100160121918,0.9699599742889404,0,-0.11334669589996338,-0.9699599146842957,0.21524225175380707,0,0.000009000000318337698,0.008469999767839909,0,1,0.9843700528144836,-0.12450826913118362,-0.124549500644207,0,0.15037575364112854,0.22614523768424988,0.9624159932136536,0,-0.09166251122951508,-0.9661031365394592,0.2413337379693985,0,0.013652999885380268,0.06073300167918205,-0.00022699999681208283,1,0.9696579575538635,-0.1091310903429985,-0.21875514090061188,0,0.19382090866565704,-0.20215332508087158,0.9599829316139221,0,-0.14898614585399628,-0.9732550382614136,-0.17486780881881714,0,0.00004999999873689376,0.00865700002759695,0,1,0.9730640053749084,-0.1797529011964798,-0.14434203505516052,0,0.1797531098127365,0.19956813752651215,0.9632560610771179,0,-0.14434202015399933,-0.9632560610771179,0.22650377452373505,0,-0.000014999999621068127,0.007977000437676907,0,1,0.2832629680633545,-0.05308030545711517,0.9575719237327576,0,-0.871677815914154,-0.43061503767967224,0.2339843362569809,0,0.3999251425266266,-0.9009737372398376,-0.16824626922607422,0,-0.024251999333500862,0.11354199796915054,-0.0011470000026747584,1,0.8221491575241089,-0.5519208312034607,-0.1394776701927185,0,0.5303841829299927,0.6536378860473633,0.5398609638214111,0,-0.2067926675081253,-0.5178229808807373,0.8301180005073547,0,0,0.08369699865579605,0,1,-0.5976528525352478,-0.7999381422996521,-0.05395318567752838,0,0.7999528646469116,-0.5994670987129211,0.026736706495285034,0,-0.05373081564903259,-0.027180705219507217,0.9981849789619446,0,0,0.15240700542926788,0,1,0.9971829652786255,-0.025408057495951653,0.07057105749845505,0,0.03828993812203407,0.981484055519104,-0.18767566978931427,0,-0.06449594348669052,0.18984931707382202,0.9796929359436035,0,0,0.1556140035390854,0,1,0.961258053779602,-0.2651548981666565,-0.07533976435661316,0,0.26511403918266296,0.8144687414169312,0.5160971879959106,0,-0.0754837617278099,-0.5160757303237915,0.8532101511955261,0,0.011339999735355377,0.017806999385356903,0.006459000054746866,1,0.8880682587623596,0.44975247979164124,0.09516795724630356,0,-0.45708146691322327,0.8859718441963196,0.07829879969358444,0,-0.04910103976726532,-0.113034188747406,0.9923769235610962,0,0.0006210000137798488,0.017650999128818512,0,1,0.6136819124221802,0.7865579724311829,-0.06870783120393753,0,-0.7890537977218628,0.6078731417655945,-0.08878995478153229,0,-0.02807282842695713,0.10870303213596344,0.9936779141426086,0,0.0008079999824985862,0.016551999375224113,0,1,0.995760977268219,0.03312911093235016,0.08580190688371658,0,-0.09095089137554169,0.21580982208251953,0.9721900820732117,0,0.013690906576812267,-0.9758729338645935,0.21790817379951477,0,0.01464099995791912,0.07246299833059311,0.00034500000765547156,1,0.9864040017127991,0.12174923717975616,0.11038096994161606,0,-0.10984277725219727,-0.011143860407173634,0.9938860535621643,0,0.12223497033119202,-0.992497980594635,0.00238092546351254,0,-0.00004999999873689376,0.008921000175178051,0,1,0.9917809367179871,0.10407909005880356,0.0744173601269722,0,-0.11275091022253036,0.4360259473323822,0.8928430080413818,0,0.06047835946083069,-0.8938949704170227,0.4441770613193512,0,-0.000022000000171829015,0.00836899969726801,0,1,0.9942920207977295,0.05238015949726105,0.09294601529836655,0,-0.10213281959295273,0.21542391180992126,0.9711649417877197,0,0.030847007408738136,-0.9751150012016296,0.21954414248466492,0,0.005561999976634979,0.07470999658107758,-0.0013729999773204327,1,0.9836869835853577,0.1270895153284073,0.12731413543224335,0,-0.1270894706249237,-0.00990836601704359,0.9918419718742371,0,0.12731413543224335,-0.9918420910835266,0.006405002903193235,0,-0.00002099999983329326,0.009185000322759151,0,1,0.9909120202064514,0.11429529637098312,0.07092715054750443,0,-0.11429471522569656,0.43737488985061646,0.8919872045516968,0,0.07092815637588501,-0.8919870257377625,0.4464631676673889,0,0.00002700000004551839,0.009095000103116035,0,1,0.9952890872955322,0.04861149564385414,0.08389017730951309,0,-0.09247449785470963,0.21590593457221985,0.9720249772071838,0,0.029139181599020958,-0.9752029776573181,0.21938401460647583,0,-0.006051999982446432,0.06717199832201004,-0.0009280000231228769,1,0.984050989151001,0.13486063480377197,0.11599961668252945,0,-0.11573638021945953,-0.009817042388021946,0.9932310581207275,0,0.13508661091327667,-0.9908159971237183,0.0059478129260241985,0,-0.000050999999075429514,0.010259999893605709,0,1,0.9886908531188965,0.12680207192897797,0.08007249236106873,0,-0.1279619187116623,0.43486297130584717,0.8913580775260925,0,0.07820549607276917,-0.8915239572525024,0.44617098569869995,0,-0.00005900000178371556,0.010266000404953957,0,1,0.9944539666175842,0.0705748200416565,0.07797346264123917,0,-0.09155918657779694,0.2161860466003418,0.9720500707626343,0,0.0517454631626606,-0.9737980365753174,0.22144880890846252,0,-0.014151000417768955,0.05815799906849861,0.00025099999038502574,1,0.9761349558830261,0.1591740995645523,0.1477334052324295,0,-0.14780090749263763,-0.011480982415378094,0.9889510869979858,0,0.1591113805770874,-0.9871838688850403,0.012319076806306839,0,-0.00005700000110664405,0.009421000257134438,0,1,0.9858810305595398,0.13775703310966492,0.09518750011920929,0,-0.14661695063114166,0.435621976852417,0.8881089687347412,0,0.08087749779224396,-0.8895260095596313,0.4496690332889557,0,-0.000007000000096013537,0.008631999604403973,0,1,-0.9096221327781677,-0.3191477656364441,0.2659547030925751,0,0.4127492308616638,-0.6215808391571045,0.6657889485359192,0,-0.04717269912362099,0.7153891324996948,0.6971319317817688,0,0.054579999297857285,-0.044266000390052795,-0.00036800000816583633,1,0.9838409423828125,0.013987106271088123,-0.17850010097026825,0,-0.17794591188430786,0.18678730726242065,-0.9661499261856079,0,0.01982789859175682,0.9823009967803955,0.18625789880752563,0,0,0.2833159863948822,0,1,0.8514761328697205,-0.1891758143901825,-0.48908087611198425,0,0.4814492166042328,-0.08762515336275101,0.8720829486846924,0,-0.20783287286758423,-0.9780260324478149,0.01646781526505947,0,0,0.24336299300193787,0,1,0.9998709559440613,0.0001051138824550435,-0.016093052923679352,0,0.008157112635672092,0.8586989641189575,0.5124149322509766,0,0.013872945681214333,-0.5124799609184265,0.8585870265960693,0,0,0.08242200314998627,0,1,-0.9090309739112854,0.31475186347961426,-0.27311816811561584,0,-0.32383814454078674,-0.9460309743881226,-0.01239799614995718,0,-0.26228079199790955,0.07717599719762802,0.961901068687439,0,-0.054579999297857285,-0.044266000390052795,0.004178000148385763,1,0.9993969798088074,-0.008371715433895588,-0.03370487689971924,0,-0.024022715166211128,0.53422611951828,-0.8449999690055847,0,0.02508012391626835,0.8453001379966736,0.5337028503417969,0,0,0.26787498593330383,0,1,0.8815471529960632,0.43295973539352417,0.1882041096687317,0,-0.0805482491850853,-0.2548713982105255,0.9636139273643494,0,0.46517401933670044,-0.8646310567855835,-0.18980710208415985,0,0,0.22586800158023834,0,1,0.999794065952301,-0.00005165320180822164,0.020317234098911285,0,-0.010496653616428375,0.8548890352249146,0.518704891204834,0,-0.017395762726664543,-0.518811047077179,0.8547119498252869,0,0,0.08159500360488892,0,1
K0.034,0.8219313621520996,-0.09122870862483978,0.5622326135635376,0,0.10197187960147858,0.9947108626365662,0.012329948134720325,0,-0.560383677482605,0.04719753935933113,0.8268867135047913,0,0.012476473115384579,0.46749478578567505,0.024983704090118408,1,0.9927080273628235,0.1192159354686737,-0.01783234253525734,0,-0.11604627966880798,0.9851925373077393,0.12620772421360016,0,0.032614290714263916,-0.12321814149618149,0.9918438792228699,0,0,0.07960599660873413,0.0029090000316500664,1,0.99837726354599,0.022435728460550308,-0.05233228951692581,0,-0.015290573239326477,0.9909796118736267,0.13314129412174225,0,0.05484737455844879,-0.1321250945329666,0.9897149801254272,0,0,0.0929350033402443,0,1,0.998212993144989,0.023390745744109154,-0.05498410761356354,0,-0.015950987115502357,0.9911147356033325,0.13204599916934967,0,0.0575842410326004,-0.1309330314397812,0.9897171854972839,0,0,0.10621199756860733,0,1,0.9956679940223694,-0.08082133531570435,-0.04596332833170891,0,0.08615179359912872,0.9878723621368408,0.1291772872209549,0,0.03496560454368591,-0.13257744908332825,0.9905553460121155,0,0,0.11948800086975098,0,1,0.9600911736488342,-0.19643908739089966,-0.19908955693244934,0,0.24940186738967896,0.923474133014679,0.2915377616882324,0,0.12658466398715973,-0.3295561671257019,0.9356117248535156,0,0,0.030191000550985336,0.005729000084102154,1,-0.07882732897996902,-0.007391928229480982,-0.9968603253364563,0,0.8544725179672241,-0.5155709981918335,-0.0637449249625206,0,-0.5134813785552979,-0.8568150401115417,0.04695742204785347,0,0.024251999333500862,0.11364100128412247,0.0015780000248923898,1,0.7981353402137756,0.5918482542037964,0.11267901211977005,0,-0.5485913157463074,0.6366109251976013,0.5420094728469849,0,0.24905447661876678,-0.4944113492965698,0.8327839970588684,0,0,0.08369699865579605,0,1,-0.2965676784515381,0.9260590672492981,-0.23337118327617645,0,-0.925707221031189,-0.33882227540016174,-0.16812102496623993,0,-0.23476149141788483,0.16617420315742493,0.9577439427375793,0,0,0.15276600420475006,0,1,0.9991825819015503,-0.009612001478672028,-0.039255157113075256,0,0.0001505265390733257,0.9721841812133789,-0.23421718180179596,0,0.04041456803679466,0.23402000963687897,0.9713916778564453,0,0,0.15560699999332428,0,1,0.9216969013214111,0.37337732315063477,-0.10518600046634674,0,-0.2553066611289978,0.7880458831787109,0.5601802468299866,0,0.29205000400543213,-0.4894617199897766,0.8216652274131775,0,-0.012005000375211239,0.017687000334262848,0.006289999932050705,1,0.9246450066566467,-0.38078904151916504,-0.005564877297729254,0,0.3808130621910095,0.924642026424408,0.004194974899291992,0,0.003548122476786375,-0.005998045671731234,0.9999759793281555,0,-0.00020300000323913991,0.01782499998807907,0,1,0.5872341990470886,-0.7652288675308228,0.26378095149993896,0,0.7840061187744141,0.6187629699707031,0.04966243356466293,0,-0.2012210488319397,0.17764244973659515,0.9633030891418457,0,0.0004250000056345016,0.016036000102758408,0,1,0.9928690195083618,-0.062022313475608826,-0.10180773586034775,0,0.11316368728876114,0.22177499532699585,0.9685090780258179,0,-0.03749074041843414,-0.9731230139732361,0.227212056517601,0,-0.015014000236988068,0.06937500089406967,-0.00023400000645779073,1,0.9801830053329468,-0.12563011050224304,-0.15316349267959595,0,0.12562990188598633,-0.20358122885227203,0.9709640145301819,0,-0.15316349267959595,-0.9709640741348267,-0.18376392126083374,0,-0.000037000001611886546,0.009588000364601612,0,1,0.9884849786758423,-0.12194807827472687,-0.08958412706851959,0,0.11292792111635208,0.20047101378440857,0.9731689691543579,0,-0.10071712732315063,-0.9720799326896667,0.21193403005599976,0,-0.00003300000025774352,0.009341999888420105,0,1,0.9928060173988342,-0.06370311975479126,-0.10137824714183807,0,0.1131388396024704,0.2220495194196701,0.9684491157531738,0,-0.03918223828077316,-0.9729518890380859,0.22765938937664032,0,-0.00456599984318018,0.07043100148439407,-0.000750000006519258,1,0.9796429872512817,-0.12730690836906433,-0.15521714091300964,0,0.12730707228183746,-0.20385445654392242,0.9706889390945435,0,-0.15521714091300964,-0.970689058303833,-0.1834975630044937,0,0,0.01130400039255619,0,1,0.9864529967308044,-0.12744002044200897,-0.10329210758209229,0,0.12744000554084778,0.19887162744998932,0.9717040657997131,0,-0.10329210758209229,-0.971703827381134,0.21241846680641174,0,0.000035000000934815034,0.011048000305891037,0,1,0.9922069907188416,-0.07638821005821228,-0.09844083338975906,0,0.11316380649805069,0.22177602350711823,0.9685091376304626,0,-0.05215083435177803,-0.9721009731292725,0.22869199514389038,0,0.005927000194787979,0.07049799710512161,-0.001155999954789877,1,0.9754049777984619,-0.13995802402496338,-0.17028678953647614,0,0.13995793461799622,-0.20358067750930786,0.9690030217170715,0,-0.17028678953647614,-0.9690030217170715,-0.17898528277873993,0,0,0.009239999577403069,0,1,0.9836291074752808,-0.1400960385799408,-0.11334636807441711,0,0.14009594917297363,0.19887080788612366,0.9699599742889404,0,-0.11334636062383652,-0.9699609875679016,0.2152421623468399,0,0.000009000000318337698,0.008469999767839909,0,1,0.9843700528144836,-0.12450786679983139,-0.12454994022846222,0,0.15037615597248077,0.22614572942256927,0.9624160528182983,0,-0.09166193753480911,-0.9661029577255249,0.24133412539958954,0,0.013652999885380268,0.06073300167918205,-0.00022699999681208283,1,0.9696579575538635,-0.10913104563951492,-0.21875520050525665,0,0.19382096827030182,-0.2021537572145462,0.9599830508232117,0,-0.14898620545864105,-0.973254919052124,-0.1748681664466858,0,0.00004999999873689376,0.00865700002759695,0,1,0.9730640053749084,-0.1797529011964798,-0.14434203505516052,0,0.1797531098127365,0.19956813752651215,0.9632560610771179,0,-0.14434202015399933,-0.9632560610771179,0.22650377452373505,0,-0.000014999999621068127,0.007977000437676907,0,1,0.2922338843345642,-0.05454782024025917,0.9547896981239319,0,-0.8699132800102234,-0.42992550134658813,0.2416936457157135,0,0.3973042964935303,-0.9012145400047302,-0.17309048771858215,0,-0.024251999333500862,0.11354199796915054,-0.0011470000026747584,1,0.8227116465568542,-0.548224151134491,-0.15031535923480988,0,0.53424072265625,0.6553127765655518,0.533996045589447,0,-0.19424603879451752,-0.5196296572685242,0.8320175409317017,0,0,0.08369699865579605,0,1,-0.5930238962173462,-0.8033853769302368,-0.05379834026098251,0,0.8034002780914307,-0.5948330163955688,0.026851799339056015,0,-0.05357341840863228,-0.027297863736748695,0.9981911778450012,0,0,0.15240700542926788,0,1,0.9979868531227112,-0.02971310168504715,0.05602642148733139,0,0.03987806662917137,0.9809547662734985,-0.19009920954704285,0,-0.049310922622680664,0.19195063412189484,0.9801643490791321,0,0,0.1556140035390854,0,1,0.9612578749656677,-0.2651544511318207,-0.07533968985080719,0,0.2651135325431824,0.8144681453704834,0.5160970687866211,0,-0.07548367977142334,-0.5160759687423706,0.8532100319862366,0,0.011339999735355377,0.017806999385356903,0.006459000054746866,1,0.8880689144134521,0.4497520923614502,0.09516794979572296,0,-0.4570809304714203,0.8859721422195435,0.07829884439706802,0,-0.04910105839371681,-0.11303417384624481,0.9923769235610962,0,0.0006210000137798488,0.017650999128818512,0,1,0.6136819124221802,0.7865579724311829,-0.06870783865451813,0,-0.7890538573265076,0.6078731417655945,-0.08878994733095169,0,-0.028072815388441086,0.10870302468538284,0.9936779141426086,0,0.0008079999824985862,0.016551999375224113,0,1,0.995760977268219,0.03312910720705986,0.08580193668603897,0,-0.09095089137554169,0.21580931544303894,0.9721899032592773,0,0.013690941967070103,-0.9758729934692383,0.21790772676467896,0,0.01464099995791912,0.07246299833059311,0.00034500000765547156,1,0.9864039421081543,0.12174924463033676,0.11038102954626083,0,-0.10984276980161667,-0.011144372634589672,0.9938860535621643,0,0.12223502993583679,-0.992497980594635,0.002380420221015811,0,-0.00004999999873689376,0.008921000175178051,0,1,0.9917809963226318,0.10407939553260803,0.07441684603691101,0,-0.11275060474872589,0.43602633476257324,0.8928428292274475,0,0.06047884002327919,-0.893895149230957,0.44417765736579895,0,-0.000022000000171829015,0.00836899969726801,0,1,0.9942920207977295,0.05238015949726105,0.09294601529836655,0,-0.10213281959295273,0.21542391180992126,0.9711649417877197,0,0.030847007408738136,-0.9751150012016296,0.21954414248466492,0,0.005561999976634979,0.07470999658107758,-0.0013729999773204327,1,0.9836868643760681,0.12709051370620728,0.12731420993804932,0,-0.1270895153284073,-0.009908676147460938,0.9918419718742371,0,0.1273151934146881,-0.9918419718742371,0.006404835730791092,0,-0.00002099999983329326,0.009185000322759151,0,1,0.9909120202064514,0.11429529637098312,0.07092715054750443,0,-0.11429471522569656,0.43737488985061646,0.8919872045516968,0,0.07092815637588501,-0.8919870257377625,0.4464631676673889,0,0.00002700000004551839,0.009095000103116035,0,1,0.9952890276908875,0.04861198365688324,0.08389057219028473,0,-0.09247499704360962,0.21590588986873627,0.9720250368118286,0,0.029139570891857147,-0.9752029776573181,0.21938401460647583,0,-0.006051999982446432,0.06717199832201004,-0.0009280000231228769,1,0.9840511083602905,0.13486064970493317,0.11599968373775482,0,-0.11573635786771774,-0.009817386977374554,0.9932308793067932,0,0.13508668541908264,-0.9908159971237183,0.005947477649897337,0,-0.000050999999075429514,0.010259999893605709,0,1,0.9886908531188965,0.12680204212665558,0.08007244020700455,0,-0.12796194851398468,0.43486353754997253,0.8913582563400269,0,0.07820544391870499,-0.8915237784385681,0.4461713433265686,0,-0.00005900000178371556,0.010266000404953957,0,1,0.9944540858268738,0.07057442516088486,0.07797397673130035,0,-0.09155956655740738,0.21618559956550598,0.9720500707626343,0,0.05174500122666359,-0.9737979173660278,0.22144830226898193,0,-0.014151000417768955,0.05815799906849861,0.00025099999038502574,1,0.9761339426040649,0.15917396545410156,0.14773353934288025,0,-0.14780102670192719,-0.011482036672532558,0.9889509677886963,0,0.15911154448986053,-0.9871838092803955,0.012318071909248829,0,-0.00005700000110664405,0.009421000257134438,0,1,0.9858810305595398,0.13775703310966492,0.09518750756978989,0,-0.14661696553230286,0.435621976852417,0.8881089687347412,0,0.08087750524282455,-0.8895260095596313,0.4496690332889557,0,-0.000007000000096013537,0.008631999604403973,0,1,-0.9108375310897827,-0.3150798976421356,0.2666459083557129,0,0.41013041138648987,-0.6179624795913696,0.6707568764686584,0,-0.04656488448381424,0.7203104496002197,0.6920874714851379,0,0.054579999297857285,-0.044266000390052795,-0.00036800000816583633,1,0.9831175208091736,-0.00034476842847652733,-0.18297329545021057,0,-0.18104015290737152,0.14315760135650635,-0.9730004668235779,0,0.02652950957417488,0.9897002577781677,0.14067845046520233,0,0,0.2833159863948822,0,1,0.8591176271438599,-0.1768394261598587,-0.4802553653717041,0,0.4689650535583496,-0.10370571166276932,0.8771072030067444,0,-0.20491226017475128,-0.9787610173225403,-0.00616390909999609,0,0,0.24336299300193787,0,1,0.9998575448989868,0.00044691594666801393,-0.016872910782694817,0,0.00831510592252016,0.8568885922431946,0.5154343843460083,0,0.014688561670482159,-0.5155012607574463,0.8567628264427185,0,0,0.08242200314998627,0,1,-0.8948290944099426,0.3373171091079712,-0.29240167140960693,0,-0.34312355518341064,-0.9387150406837463,-0.0328579917550087,0,-0.28556540608406067,0.07092759758234024,0.9557309746742249,0,-0.054579999297857285,-0.044266000390052795,0.004178000148385763,1,0.9997596144676208,0.017963645979762077,-0.012570268474519253,0,-0.0200825035572052,0.5202376246452332,-0.8537853956222534,0,-0.008797572925686836,0.8538327217102051,0.5204734206199646,0,0,0.26787498593330383,0,1,0.8811803460121155,0.43220776319503784,0.19161701202392578,0,-0.07565119117498398,-0.2711755037307739,0.9595520496368408,0,0.46668776869773865,-0.860034704208374,-0.20625756680965424,0,0,0.22586800158023834,0,1,0.9997928738594055,0.000003958898105338449,0.020351620391011238,0,-0.010592958889901638,0.8539651036262512,0.5202231407165527,0,-0.01737750507891178,-0.5203306674957275,0.8537877798080444,0,0,0.08159500360488892,0,1
