0.933,30,28,65
B0,mixamorig_Hips,-1,0.9968550205230713,0.060777533799409866,0.05086115002632141,0,-0.06048092618584633,0.998142421245575,-0.00735175097361207,0,-0.051213473081588745,0.004252499435096979,0.9986788034439087,0,0.03049818053841591,0.5591989159584045,0.44513601064682007,1
B1,mixamorig_Spine,0,0.9994457364082336,0.03315751254558563,-0.0028863970655947924,0,-0.0326668955385685,0.9938598871231079,0.1057131364941597,0,0.006373863201588392,-0.10556032508611679,0.9943928122520447,0,0,0.07960599660873413,0.0029090000316500664,1
B2,mixamorig_Spine1,1,0.999293863773346,-0.034915875643491745,-0.013871808536350727,0,0.035247962921857834,0.9990788698196411,0.024463951587677002,0,0.013004851527512074,-0.024935631081461906,0.9996041655540466,0,0,0.0929350033402443,0,1
B3,mixamorig_Spine2,2,0.9989564418792725,-0.04445724934339523,-0.010480102151632309,0,0.04383305460214615,0.9975939393043518,-0.05371846258640289,0,0.012843057513237,0.05320301279425621,0.9985012412071228,0,0,0.10621199756860733,0,1
B4,mixamorig_Neck,3,0.9982010126113892,-0.05984831228852272,0.0036210331600159407,0,0.05984076112508774,0.9906639456748962,-0.12249112874269485,0,0.003743659472092986,0.12248741835355759,0.9924628138542175,0,0,0.11948800086975098,0,1
B5,mixamorig_Head,4,0.9997513294219971,-0.009091170504689217,0.020369773730635643,0,0.009698908776044846,0.9995045065879822,-0.02993800863623619,0,-0.020087508484721184,0.030128128826618195,0.9993441104888916,0,0,0.030191000550985336,0.005729000084102154,1
B6,mixamorig_HeadTop_End,5,1,0,0,0,0,1,0,0,0,0,1,0,0,0.16785000264644623,0.03185199946165085,1
B7,mixamorig_LeftShoulder,3,0.2762807309627533,0.10370207577943802,-0.9554659128189087,0,0.8136885166168213,-0.5542951822280884,0.1751239001750946,0,-0.5114494562149048,-0.825835108757019,-0.23752231895923615,0,0.024251999333500862,0.11364100128412247,0.0015780000248923898,1
B8,mixamorig_LeftArm,7,0.9730426669120789,-0.1545351892709732,-0.17119257152080536,0,0.23054127395153046,0.6317434906959534,0.7401016354560852,0,-0.006221957504749298,-0.7596174478530884,0.6503401398658752,0,0,0.08369699865579605,0,1
B9,mixamorig_LeftForeArm,8,0.8947452902793884,0.44625335931777954,-0.017012903466820717,0,-0.44608402252197266,0.8913171887397766,-0.08101481944322586,0,-0.020989226177334785,0.08007676154375076,0.9965676665306091,0,0,0.15276600420475006,0,1
B10,mixamorig_LeftHand,9,0.8749005794525146,0.026709696277976036,-0.48356500267982483,0,0.07538819313049316,0.9787958264350891,0.19046150147914886,0,0.4783984124660492,-0.2030898928642273,0.8543351888656616,0,0,0.15560699999332428,0,1
B11,mixamorig_LeftHandThumb1,10,0.6797766089439392,0.33935627341270447,-0.6501851081848145,0,-0.3780360221862793,0.9217986464500427,0.08588031679391861,0,0.628484308719635,0.18741409480571747,0.7549065947532654,0,-0.012005000375211239,0.017687000334262848,0.006289999932050705,1
B12,mixamorig_LeftHandThumb2,11,0.8663528561592102,-0.32901912927627563,0.3757380545139313,0,0.25097864866256714,0.9372487664222717,0.2420215606689453,0,-0.43178966641426086,-0.11537381261587143,0.8945648074150085,0,-0.00020300000323913991,0.01782499998807907,0,1
B13,mixamorig_LeftHandThumb3,12,0.973475992679596,0.13212406635284424,-0.18678325414657593,0,-0.11656201630830765,0.9889111518859863,0.09202456474304199,0,0.1968706101179123,-0.06781183928251266,0.9780814051628113,0,0.0004250000056345016,0.016036000102758408,0,1
B14,mixamorig_LeftHandThumb4,13,1,0,0,0,0,1,0,0,0,0,1,0,-0.00022200000239536166,0.013601000420749187,0,1
B15,mixamorig_LeftHandIndex1,10,0.985504686832428,0.03862769156694412,-0.16519200801849365,0,-0.0049797892570495605,0.9799003601074219,0.19942663609981537,0,0.1695750653743744,-0.19571325182914734,0.9658886194229126,0,-0.015014000236988068,0.06937500089406967,-0.00023400000645779073,1
B16,mixamorig_LeftHandIndex2,15,0.9989473819732666,-0.04558955505490303,-0.0050201076082885265,0,0.045088350772857666,0.9560703635215759,0.2896489202976227,0,-0.008405393920838833,-0.28957051038742065,0.9571200609207153,0,-0.000037000001611886546,0.009588000364601612,0,1
B17,mixamorig_LeftHandIndex3,16,0.9999575018882751,0.009245391935110092,-0.000029615855964948423,0,-0.009221918880939484,0.9976367950439453,0.0680868923664093,0,0.0006590356933884323,-0.06808370351791382,0.9976793527603149,0,-0.00003300000025774352,0.009341999888420105,0,1
B18,mixamorig_LeftHandIndex4,17,1,0,0,0,0,1,0,0,0,0,1,0,0.00007000000186963007,0.007697000168263912,0,1
B19,mixamorig_LeftHandMiddle1,10,0.9972454905509949,-0.07340994477272034,-0.010603208094835281,0,0.07320249080657959,0.9510701894760132,0.30017730593681335,0,-0.01195160485804081,-0.30012670159339905,0.9538244605064392,0,-0.00456599984318018,0.07043100148439407,-0.000750000006519258,1
B20,mixamorig_LeftHandMiddle2,19,0.9978556036949158,-0.06441900134086609,-0.011625820770859718,0,0.06272095441818237,0.8900730609893799,0.4514814019203186,0,-0.01873614639043808,-0.45124226808547974,0.8922044634819031,0,0,0.01130400039255619,0,1
B21,mixamorig_LeftHandMiddle3,20,0.9993845224380493,-0.03472109138965607,-0.005026874132454395,0,0.03477969765663147,0.9617159366607666,0.2718318700790405,0,-0.004603874403983355,-0.2718394696712494,0.9623318314552307,0,0.000035000000934815034,0.011048000305891037,0,1
B22,mixamorig_LeftHandMiddle4,21,1,0,0,0,0,1,0,0,0,0,1,0,-0.000035000000934815034,0.00976799987256527,0,1
B23,mixamorig_LeftHandRing1,10,0.9962139129638672,-0.08684494346380234,-0.004010052420198917,0,0.07381633669137955,0.8205919861793518,0.5667271018028259,0,-0.0459267720580101,-0.564877450466156,0.8238956332206726,0,0.005927000194787979,0.07049799710512161,-0.001155999954789877,1
B24,mixamorig_LeftHandRing2,23,0.9991175532341003,-0.041203029453754425,-0.00814836099743843,0,0.041798122227191925,0.9563536643981934,0.28920772671699524,0,-0.004123518709093332,-0.28929299116134644,0.9572315216064453,0,9.999999974752427e-7,0.009239999577403069,0,1
B25,mixamorig_LeftHandRing3,24,0.999656081199646,-0.02562406100332737,-0.005582209676504135,0,0.02622506394982338,0.9768738150596619,0.21220465004444122,0,0.000015569536117254756,-0.21227790415287018,0.9772090911865234,0,0.000009000000318337698,0.008469999767839909,0,1
B26,mixamorig_LeftHandRing4,25,1,0,0,0,0,1,0,0,0,0,1,0,-0.000009999999747378752,0.0076049999333918095,0,1
B27,mixamorig_LeftHandPinky1,10,0.9789251089096069,-0.20371168851852417,-0.014420924708247185,0,0.18276284635066986,0.8423680663108826,0.5069649815559387,0,-0.09112696349620819,-0.498916357755661,0.8618461489677429,0,0.013652999885380268,0.06073300167918205,-0.00022699999681208283,1
B28,mixamorig_LeftHandPinky2,27,0.9968329668045044,-0.0778190866112709,-0.016363345086574554,0,0.07606889307498932,0.87318354845047,0.4814194440841675,0,-0.02317540906369686,-0.4811393916606903,0.8763375878334045,0,0.00004999999873689376,0.00865700002759695,0,1
B29,mixamorig_LeftHandPinky3,28,0.9994184374809265,-0.03405686840415001,-0.0016908785328269005,0,0.03402677923440933,0.9928584098815918,0.11434400081634521,0,-0.0022153945174068213,-0.11433499306440353,0.9934394359588623,0,-0.000014999999621068127,0.007977000437676907,0,1
B30,mixamorig_LeftHandPinky4,29,1,0,0,0,0,1,0,0,0,0,1,0,-0.000035000000934815034,0.0071020000614225864,0,1
B31,mixamorig_RightShoulder,3,0.14752455055713654,0.016620971262454987,0.9889190196990967,0,-0.9078662991523743,-0.39445820450782776,0.14206309616565704,0,0.39244821667671204,-0.9187636375427246,-0.0431026965379715,0,-0.024251999333500862,0.11354199796915054,-0.0011470000026747584,1
B32,mixamorig_RightArm,31,0.9773909449577332,-0.19078238308429718,0.09115530550479889,0,0.05784492939710617,0.6559332609176636,0.7525990009307861,0,-0.20337440073490143,-0.7303104400634766,0.652138888835907,0,0,0.08369699865579605,0,1
B33,mixamorig_RightForeArm,32,0.6659095883369446,-0.7459406852722168,-0.01172204501926899,0,0.7459545731544495,0.6655301451683044,0.02493107318878174,0,-0.010795725509524345,-0.025345949456095695,0.9996206760406494,0,0,0.15240700542926788,0,1
B34,mixamorig_RightHand,33,0.8371642827987671,-0.32030677795410156,0.443351149559021,0,0.424148827791214,0.8919700980186462,-0.15648584067821503,0,-0.34533244371414185,0.3190511465072632,0.8825830221176147,0,0,0.1556140035390854,0,1
B35,mixamorig_RightHandThumb1,34,0.8379271626472473,-0.4181375503540039,0.3507688343524933,0,0.3192800283432007,0.8967881798744202,0.3063196837902069,0,-0.44264909625053406,-0.14468011260032654,0.8849461674690247,0,0.011339999735355377,0.017806999385356903,0.006459000054746866,1
B36,mixamorig_RightHandThumb2,35,0.9775760173797607,0.18796083331108093,0.09495042264461517,0,-0.1659248173236847,0.9651642441749573,-0.20230518281459808,0,-0.12966813147068024,0.18201397359371185,0.9747082591056824,0,0.0006210000137798488,0.017650999128818512,0,1
B37,mixamorig_RightHandThumb3,36,0.8986291289329529,-0.40366995334625244,-0.17180487513542175,0,0.40544557571411133,0.9137429594993591,-0.02622358128428459,0,0.1675710529088974,-0.04609222710132599,0.9847815632820129,0,0.0008079999824985862,0.016551999375224113,0,1
B38,mixamorig_RightHandThumb4,37,1,0,0,0,0,1,0,0,0,0,1,0,-0.001429000054486096,0.013016999699175358,0,1
B39,mixamorig_RightHandIndex1,34,0.9929696321487427,-0.11800067126750946,-0.00937175564467907,0,0.11791009455919266,0.9789994359016418,0.1663038730621338,0,-0.010449024848639965,-0.16623972356319427,0.9860302209854126,0,0.01464099995791912,0.07246299833059311,0.00034500000765547156,1
B40,mixamorig_RightHandIndex2,39,0.9978207945823669,0.065350741147995,0.009108764119446278,0,-0.0625561848282814,0.8930422067642212,0.4456029236316681,0,0.020985983312129974,-0.44520190358161926,0.8951846361160278,0,-0.00004999999873689376,0.008921000175178051,0,1
B41,mixamorig_RightHandIndex3,40,0.99981689453125,0.019052978605031967,0.0018409054027870297,0,-0.018748236820101738,0.9553264379501343,0.2949579358100891,0,0.0038611600175499916,-0.2949383556842804,0.9555083513259888,0,-0.000022000000171829015,0.00836899969726801,0,1
B42,mixamorig_RightHandIndex4,41,1,0,0,0,0,1,0,0,0,0,1,0,0.00007200000254670158,0.007528000045567751,0,1
B43,mixamorig_RightHandMiddle1,34,0.9995951056480408,-0.01085170079022646,-0.026297688484191895,0,0.020052699372172356,0.9244647026062012,0.3807394206523895,0,0.020179621875286102,-0.3811127245426178,0.9243083596229553,0,0.005561999976634979,0.07470999658107758,-0.0013729999773204327,1
B44,mixamorig_RightHandMiddle2,43,0.9965378046035767,0.08018118888139725,0.021985799074172974,0,-0.07667271047830582,0.7840343117713928,0.6159639358520508,0,0.03215108811855316,-0.6155169010162354,0.7874674201011658,0,-0.00002099999983329326,0.009185000322759151,0,1
B45,mixamorig_RightHandMiddle3,44,0.9982582926750183,0.05698457360267639,0.015291309915482998,0,-0.05668170005083084,0.8543102145195007,0.5166639685630798,0,0.016378343105316162,-0.5166305303573608,0.8560518026351929,0,0.00002700000004551839,0.009095000103116035,0,1
B46,mixamorig_RightHandMiddle4,45,1,0,0,0,0,1,0,0,0,0,1,0,-0.000007000000096013537,0.007675000000745058,0,1
B47,mixamorig_RightHandRing1,34,0.997209370136261,0.07398928701877594,0.009966995567083359,0,-0.06315597891807556,0.7648360133171082,0.6411225199699402,0,0.03981306776404381,-0.6399626731872559,0.7673742175102234,0,-0.006051999982446432,0.06717199832201004,-0.0009280000231228769,1
B48,mixamorig_RightHandRing2,47,0.9987964630126953,0.04816541075706482,0.009214209392666817,0,-0.04775264859199524,0.9125251770019531,0.40622344613075256,0,0.011157725006341934,-0.4061747193336487,0.913727343082428,0,-0.000050999999075429514,0.010259999893605709,0,1
B49,mixamorig_RightHandRing3,48,0.9996684789657593,0.02563818357884884,0.0022870488464832306,0,-0.024824418127536774,0.9368100166320801,0.34895774722099304,0,0.00680411234498024,-0.34889888763427734,0.9371359348297119,0,-0.00005900000178371556,0.010266000404953957,0,1
B50,mixamorig_RightHandRing4,49,1,0,0,0,0,1,0,0,0,0,1,0,0.00011000000085914508,0.008937000297009945,0,1
B51,mixamorig_RightHandPinky1,34,0.9930547475814819,0.11698833853006363,0.012497377581894398,0,-0.09211669117212296,0.7070301175117493,0.7011581659317017,0,0.0731913149356842,-0.6974398493766785,0.7128963470458984,0,-0.014151000417768955,0.05815799906849861,0.00025099999038502574,1
B52,mixamorig_RightHandPinky2,51,0.9935674071311951,0.10715704411268234,0.036609578877687454,0,-0.09807385504245758,0.6526859402656555,0.7512537837028503,0,0.056607626378536224,-0.7500125169754028,0.6589974164962769,0,-0.00005700000110664405,0.009421000257134438,0,1
B53,mixamorig_RightHandPinky3,52,0.9972947835922241,0.07264567166566849,0.011211199685931206,0,-0.06065494939684868,0.7271568179130554,0.6837865710258484,0,0.0415218360722065,-0.6826168298721313,0.7295960187911987,0,-0.000007000000096013537,0.008631999604403973,0,1
B54,mixamorig_RightHandPinky4,53,1,0,0,0,0,1,0,0,0,0,1,0,0.00006500000017695129,0.007710000034421682,0,1
B55,mixamorig_LeftUpLeg,0,-0.9925345778465271,0.11073525249958038,0.051118627190589905,0,-0.07276594638824463,-0.8739994764328003,0.48044779896736145,0,0.09788011759519577,0.4731411635875702,0.8755322098731995,0,0.054579999297857285,-0.044266000390052795,-0.00036800000816583633,1
B56,mixamorig_LeftLeg,55,0.9942614436149597,0.03989075496792793,0.09925857186317444,0,0.056972112506628036,0.5878754258155823,-0.8069425225257874,0,-0.09054125845432281,0.8079671859741211,0.5822294354438782,0,0,0.2833159863948822,0,1
B57,mixamorig_LeftFoot,56,0.9961804747581482,0.047782015055418015,-0.07308745384216309,0,0.06623715907335281,0.13190577924251556,0.9890465140342712,0,0.0568993017077446,-0.9901100397109985,0.1282370239496231,0,0,0.24336299300193787,0,1
B58,mixamorig_LeftToeBase,57,0.999852180480957,-0.0015113383997231722,-0.017123442143201828,0,0.010782196186482906,0.8309506177902222,0.5562406182289124,0,0.013388075865805149,-0.5563433170318604,0.8308445811271667,0,0,0.08242200314998627,0,1
B59,mixamorig_LeftToe_End,58,1,0,0,0,0,1,0,0,0,0,1,0,0,0.032836999744176865,0,1
B60,mixamorig_RightUpLeg,0,-0.9828487038612366,0.11117575317621231,-0.1471346765756607,0,-0.13893389701843262,-0.9710449576377869,0.19434122741222382,0,-0.12126835435628891,0.21144999563694,0.9698363542556763,0,-0.054579999297857285,-0.044266000390052795,0.004178000148385763,1
B61,mixamorig_RightLeg,60,0.9868687391281128,0.1195649579167366,0.10859871655702591,0,0.06412816047668457,0.32705098390579224,-0.9428279995918274,0,-0.14824658632278442,0.9374122619628906,0.3150891065597534,0,0,0.26787498593330383,0,1
B62,mixamorig_RightFoot,61,0.9748029708862305,0.11654104292392731,-0.19020356237888336,0,0.10073187947273254,0.5308026075363159,0.8414880633354187,0,0.19902843236923218,-0.8394445180892944,0.505688488483429,0,0,0.22586800158023834,0,1
B63,mixamorig_RightToeBase,62,0.9997884631156921,0.00036377692595124245,0.020575422793626785,0,-0.011215283535420895,0.8479387760162354,0.5299745798110962,0,-0.01725391484797001,-0.5300934314727783,0.8477638959884644,0,0,0.08159500360488892,0,1
B64,mixamorig_RightToe_End,63,1,0,0,0,0,1,0,0,0,0,1,0,0,0.03182800114154816,0,1
@52,0,1,2,3,4,5,7,8,9,10,11,12,13,15,16,17,19,20,21,23,24,25,27,28,29,31,32,33,34,35,36,37,39,40,41,43,44,45,47,48,49,51,52,53,55,56,57,58,60,61,62,63
K0,0.9605370163917542,-0.20783117413520813,-0.18486511707305908,0,0.20245182514190674,0.9781280159950256,-0.047726862132549286,0,0.1907408982515335,0.008417137898504734,0.9816040396690369,0,0.007662999909371138,0.5299649834632874,-0.01696000061929226,1,0.9821249842643738,0.1855291724205017,0.031757038086652756,0,-0.18760783970355988,0.978538990020752,0.08523482084274292,0,-0.015261963941156864,-0.08966916799545288,0.995854914188385,0,0,0.07960599660873413,0.0029090000316500664,1,0.9991000294685364,0.01506705954670906,0.03964211046695709,0,-0.016194939613342285,0.9994690418243408,0.028285721316933632,0,-0.03919489309191704,-0.02890227921307087,0.9988139867782593,0,0,0.0929350033402443,0,1,0.9991949796676636,0.007865995168685913,0.039333734661340714,0,-0.005846003070473671,0.9986709356307983,-0.05120908468961716,0,-0.03968426585197449,0.05093791335821152,0.9979130029678345,0,0,0.10621199756860733,0,1,0.9996510744094849,-0.015182948671281338,0.02163200080394745,0,0.017169050872325897,0.9953479766845703,-0.09480135887861252,0,-0.02009199932217598,0.09513964504003525,0.995261013507843,0,0,0.11948800086975098,0,1,0.9977390170097351,0.006990673951804638,0.06684999912977219,0,-0.005402326583862305,0.9996989965438843,-0.023911111056804657,0,-0.06699700653553009,0.023495890200138092,0.9974759817123413,0,0,0.030191000550985336,0.005729000084102154,1,0.40791115164756775,0.15078948438167572,-0.9004839658737183,0,0.8585696816444397,-0.39885759353637695,0.3221341371536255,0,-0.31059029698371887,-0.9045300483703613,-0.29216164350509644,0,0.024251999333500862,0.11364100128412247,0.0015780000248923898,1,0.9990880489349365,0.02719620242714882,-0.03293069452047348,0,0.009809201583266258,0.6043161153793335,0.7966839671134949,0,0.04156730696558952,-0.7962800860404968,0.6034979224205017,0,0,0.08369699865579605,0,1,0.8119999170303345,0.5827770829200745,-0.03204001858830452,0,-0.582555890083313,0.8058750629425049,-0.10579904913902283,0,-0.03583701699972153,0.10457395017147064,0.9938709735870361,0,0,0.15276600420475006,0,1,0.9486649632453918,0.28043103218078613,-0.1462620496749878,0,-0.28836697340011597,0.9568510055541992,-0.03577771782875061,0,0.1299179345369339,0.07611829042434692,0.9885990619659424,0,0,0.15560699999332428,0,1,0.7097461819648743,0.3573148548603058,-0.6071129441261292,0,-0.24831116199493408,0.9333969950675964,0.2590600550174713,0,0.659243106842041,-0.03311394527554512,0.7511998414993286,0,-0.012005000375211239,0.017687000334262848,0.006289999932050705,1,0.9229879379272461,-0.12460421025753021,0.364096999168396,0,0.08377479761838913,0.9884970784187317,0.1259218454360962,0,-0.3755989372730255,-0.08572214841842651,0.9228089451789856,0,-0.00020300000323913991,0.01782499998807907,0,1,0.9774309992790222,0.0863739401102066,-0.19278888404369354,0,-0.07440406084060669,0.994873046875,0.06850114464759827,0,0.1977171003818512,-0.0526108555495739,0.9788459539413452,0,0.0004250000056345016,0.016036000102758408,0,1,0.999966025352478,0.004681298043578863,-0.006823705509305,0,-0.005214701406657696,0.9967510104179382,-0.08037205040454865,0,0.006425293628126383,0.08040494471788406,0.9967420697212219,0,-0.015014000236988068,0.06937500089406967,-0.00023400000645779073,1,0.9989519715309143,-0.04548978805541992,-0.004990201909095049,0,0.04499220848083496,0.9563509225845337,0.28873705863952637,0,-0.00836220197379589,-0.28865891695022583,0.9573950171470642,0,-0.000037000001611886546,0.009588000364601612,0,1,0.9999560117721558,0.00934984628111124,-0.00003868329440592788,0,-0.009326154366135597,0.9976999759674072,0.06713713705539703,0,0.0006663167150691152,-0.06713387370109558,0.9977439641952515,0,-0.00003300000025774352,0.009341999888420105,0,1,0.9974460005760193,-0.07078684121370316,-0.009536336176097393,0,0.07071216404438019,0.95979905128479,0.2716367244720459,0,-0.010075336322188377,-0.27161720395088196,0.9623528718948364,0,-0.00456599984318018,0.07043100148439407,-0.000750000006519258,1,0.9978329539299011,-0.06474003940820694,-0.011782181449234486,0,0.06301695108413696,0.8885840773582458,0.45436587929725647,0,-0.018946180120110512,-0.4541230797767639,0.8907369375228882,0,0,0.01130400039255619,0,1,0.9993720054626465,-0.035060133785009384,-0.0051329368725419044,0,0.03511986508965492,0.9608250856399536,0.2749216854572296,0,-0.00470693688839674,-0.2749292850494385,0.9614529013633728,0,0.000035000000934815034,0.011048000305891037,0,1,0.9961450099945068,-0.0876021534204483,-0.004634212236851454,0,0.0755048468708992,0.8292931914329529,0.5536887645721436,0,-0.04466121271252632,-0.5519042611122131,0.8327108025550842,0,0.005927000194787979,0.07049799710512161,-0.001155999954789877,1,0.9990910291671753,-0.041789811104536057,-0.008379064500331879,0,0.04240519180893898,0.9548379778862,0.2940838932991028,0,-0.004289064556360245,-0.29417213797569275,0.9557429552078247,0,0,0.009239999577403069,0,1,0.9996389746665955,-0.02622639760375023,-0.00576570862904191,0,0.026852602139115334,0.9757550358772278,0.21720969676971436,0,-0.00007070865103742108,-0.21728628873825073,0.9761078953742981,0,0.000009000000318337698,0.008469999767839909,0,1,0.9791600108146667,-0.20269998908042908,-0.012556362897157669,0,0.18205402791500092,0.8486648797988892,0.4966132342815399,0,-0.09000736474990845,-0.48854976892471313,0.8678810596466064,0,0.013652999885380268,0.06073300167918205,-0.00022699999681208283,1,0.9968230128288269,-0.07793163508176804,-0.016418293118476868,0,0.07617636770009995,0.8728088140487671,0.48208025097846985,0,-0.023239292204380035,-0.48179975152015686,0.875973105430603,0,0.00004999999873689376,0.00865700002759695,0,1,0.9994140267372131,-0.03418119251728058,-0.0017102273413911462,0,0.03415080904960632,0.9927669763565063,0.11509498208761215,0,-0.0022362275049090385,-0.11508599668741226,0.993353009223938,0,-0.000014999999621068127,0.007977000437676907,0,1,0.06981657445430756,0.02355494163930416,0.9972819089889526,0,-0.8670220971107483,-0.49299052357673645,0.07234146445989609,0,0.49335435032844543,-0.8697157502174377,-0.01399617362767458,0,-0.024251999333500862,0.11354199796915054,-0.0011470000026747584,1,0.9378240704536438,0.1932690292596817,0.2883289158344269,0,-0.3438589572906494,0.6307269930839539,0.6956610679626465,0,-0.047407086938619614,-0.7515519857406616,0.6579679846763611,0,0,0.08369699865579605,0,1,0.8434120416641235,-0.5372357964515686,-0.005790143273770809,0,0.5372461676597595,0.8432348966598511,0.017955981194972992,0,-0.004764143377542496,-0.018255015835165977,0.9998220205307007,0,0,0.15240700542926788,0,1,0.882008969783783,-0.07173720747232437,0.46574005484580994,0,0.021911785006523132,0.9935190081596375,0.11153408885002136,0,-0.4707230031490326,-0.0881689190864563,0.8778650760650635,0,0,0.1556140035390854,0,1,0.8659281134605408,-0.3736720681190491,0.3324727416038513,0,0.30813297629356384,0.9221459031105042,0.23388133943080902,0,-0.3939833641052246,-0.10007865726947784,0.9136528968811035,0,0.011339999735355377,0.017806999385356903,0.006459000054746866,1,0.9737210273742676,0.18761014938354492,0.1291116178035736,0,-0.1646658480167389,0.9715970754623413,-0.16995270550251007,0,-0.15732939541339874,0.1442262977361679,0.9769579172134399,0,0.0006210000137798488,0.017650999128818512,0,1,0.9024480581283569,-0.3926789462566376,-0.17717282474040985,0,0.39507007598876953,0.9183609485626221,-0.023089028894901276,0,0.1717752069234848,-0.04915903881192207,0.983909010887146,0,0.0008079999824985862,0.016551999375224113,0,1,0.9947609901428223,-0.10192395746707916,-0.00786566361784935,0,0.10179103910923004,0.9804839491844177,0.16819216310977936,0,-0.009430663660168648,-0.16811181604862213,0.985723078250885,0,0.01464099995791912,0.07246299833059311,0.00034500000765547156,1,0.9977930188179016,0.0657520666718483,0.009309890680015087,0,-0.06289992481470108,0.8907900452613831,0.4500398337841034,0,0.021297890692949295,-0.4496321678161621,0.8929598927497864,0,-0.00004999999873689376,0.008921000175178051,0,1,0.9998080134391785,0.019493332132697105,0.001936767715960741,0,-0.019177665933966637,0.9538409113883972,0.2996991276741028,0,0.003994767554104328,-0.29967886209487915,0.9540320634841919,0,-0.000022000000171829015,0.00836899969726801,0,1,0.9975839257240295,0.06927109509706497,0.005295218899846077,0,-0.06622888892889023,0.9252120852470398,0.37362492084503174,0,0.02098221890628338,-0.37307310104370117,0.9275649189949036,0,0.005561999976634979,0.07470999658107758,-0.0013729999773204327,1,0.9965569376945496,0.07998628169298172,0.02183905802667141,0,-0.0765027180314064,0.7854689955711365,0.6141551733016968,0,0.0319700613617897,-0.613710880279541,0.7888830900192261,0,-0.00002099999983329326,0.009185000322759151,0,1,0.9982680082321167,0.056830015033483505,0.015198023058474064,0,-0.05652898550033569,0.855198085308075,0.5152089595794678,0,0.01628202386200428,-0.5151760578155518,0.8569299578666687,0,0.00002700000004551839,0.009095000103116035,0,1,0.9973530769348145,0.07219479978084564,0.008703271858394146,0,-0.0610492043197155,0.766273021697998,0.6396079659461975,0,0.03950727358460426,-0.638446033000946,0.7686519622802734,0,-0.006051999982446432,0.06717199832201004,-0.0009280000231228769,1,0.9988150000572205,0.04782189056277275,0.009062184020876884,0,-0.047417107969522476,0.9140090346336365,0.4029139578342438,0,0.010985184460878372,-0.40286603569984436,0.9151930212974548,0,-0.000050999999075429514,0.010259999893605709,0,1,0.9996780157089233,0.025267234072089195,0.0021937720011919737,0,-0.024468764662742615,0.9380869269371033,0.3455353081226349,0,0.006672772113233805,-0.34547773003578186,0.9384030699729919,0,-0.00005900000178371556,0.010266000404953957,0,1,0.9931350350379944,0.11638501286506653,0.011740084737539291,0,-0.0921579971909523,0.7166680693626404,0.6912989616394043,0,0.07204307615756989,-0.687635064125061,0.7224738597869873,0,-0.014151000417768955,0.05815799906849861,0.00025099999038502574,1,0.9935559630393982,0.10723844170570374,0.03669092804193497,0,-0.09813755750656128,0.6519991159439087,0.7518420219421387,0,0.05670392885804176,-0.7505980134010315,0.6583219170570374,0,-0.00005700000110664405,0.009421000257134438,0,1,0.9972860217094421,0.07275115698575974,0.011268706060945988,0,-0.0607338473200798,0.7265350222587585,0.6844399571418762,0,0.04160670191049576,-0.6832669973373413,0.7289819717407227,0,-0.000007000000096013537,0.008631999604403973,0,1,-0.9752839207649231,-0.22088105976581573,0.005644205026328564,0,0.18981996178627014,-0.8245148658752441,0.5330511331558228,0,-0.11308720707893372,0.5209478139877319,0.8460640907287598,0,0.054579999297857285,-0.044266000390052795,-0.00036800000816583633,1,0.9920830130577087,0.0994383692741394,-0.07670269906520844,0,-0.06573162227869034,-0.10926713794469833,-0.9918370246887207,0,-0.1070077046751976,0.9890260100364685,-0.10186578333377838,0,0,0.2833159863948822,0,1,0.9956759214401245,-0.04621242359280586,-0.08058919757604599,0,0.08831857889890671,0.20184624195098877,0.9754270315170288,0,-0.028810201212763786,-0.9783260822296143,0.20505474507808685,0,0,0.24336299300193787,0,1,0.9998599886894226,-0.0008560586138628423,-0.016691802069544792,0,0.009710941463708878,0.8425790071487427,0.5384849905967712,0,0.01360319647938013,-0.5385720133781433,0.8424699306488037,0,0,0.08242200314998627,0,1,-0.9319939613342285,-0.3056829273700714,-0.19479209184646606,0,0.21343708038330078,-0.8971659541130066,0.3867008090019226,0,-0.29296886920928955,0.31882715225219727,0.9013980031013489,0,-0.054579999297857285,-0.044266000390052795,0.004178000148385763,1,0.9999849796295166,0.005287145730108023,-0.0010973418829962611,0,-0.004296853672713041,0.6560471057891846,-0.7547078728675842,0,-0.0032703420147299767,0.7547010779380798,0.6560599207878113,0,0,0.26787498593330383,0,1,0.9948130249977112,-0.014550210908055305,-0.10067583620548248,0,0.10163279622793198,0.10076497495174408,0.9897059798240662,0,-0.004255829378962517,-0.9948040246963501,0.10172105580568314,0,0,0.22586800158023834,0,1,0.9997720122337341,0.001500057172961533,0.02132152020931244,0,-0.013200942426919937,0.8278789520263672,0.5607511401176453,0,-0.016810480505228043,-0.5609048008918762,0.8277100324630737,0,0,0.08159500360488892,0,1
K0.033,0.9717341661453247,-0.1815265417098999,-0.15093562006950378,0,0.17998670041561127,0.9833780527114868,-0.02391749992966652,0,0.15276838839054108,-0.0039249504916369915,0.9882541298866272,0,0.00869401078671217,0.5350630879402161,0.023957399651408195,1,0.9854890704154968,0.16932988166809082,0.011777825653553009,0,-0.16972751915454865,0.9822431206703186,0.0799378752708435,0,0.001967182382941246,-0.08077693730592728,0.9967300295829773,0,0,0.07960599660873413,0.0029090000316500664,1,0.9997499585151672,0.005258659366518259,0.021743617951869965,0,-0.0057572233490645885,0.9997199773788452,0.022930745035409927,0,-0.02161695621907711,-0.023050209507346153,0.9995009303092957,0,0,0.0929350033402443,0,1,0.999754011631012,-0.002928117522969842,0.021995700895786285,0,0.00415700301527977,0.998420000076294,-0.0560331791639328,0,-0.02179688587784767,0.05611086264252663,0.9981870651245117,0,0,0.10621199756860733,0,1,0.9996569752693176,-0.010730051435530186,0.023880507797002792,0,0.012774079106748104,0.9961130619049072,-0.08715697377920151,0,-0.022852476686239243,0.08743210136890411,0.9959080219268799,0,0,0.11948800086975098,0,1,0.9971330165863037,0.0152320247143507,0.07411717623472214,0,-0.014698009006679058,0.9998619556427002,-0.007745193317532539,0,-0.07422491163015366,0.006633611395955086,0.9972190260887146,0,0,0.030191000550985336,0.005729000084102154,1,0.40999671816825867,0.14713895320892334,-0.900140106678009,0,0.853753924369812,-0.4091823101043701,0.32198289036750793,0,-0.3209454417228699,-0.9005109071731567,-0.2933841645717621,0,0.024251999333500862,0.11364100128412247,0.0015780000248923898,1,0.997996985912323,-0.0435057170689106,-0.045928966253995895,0,0.06257196515798569,0.5718027353286743,0.8180010914802551,0,-0.009325415827333927,-0.8192369341850281,0.5733799934387207,0,0,0.08369699865579605,0,1,0.8465651869773865,0.5316606760025024,-0.025762731209397316,0,-0.5314590334892273,0.8415669798851013,-0.09651976823806763,0,-0.029634730890393257,0.09540218859910965,0.9949979782104492,0,0,0.15276600420475006,0,1,0.9542017579078674,0.19461825489997864,-0.22720757126808167,0,-0.1699213832616806,0.977649986743927,0.12380421906709671,0,0.24622385203838348,-0.07952671498060226,0.9659444093704224,0,0,0.15560699999332428,0,1,0.7133638858795166,0.32948148250579834,-0.6185094118118286,0,-0.26255425810813904,0.9439560770988464,0.2000281810760498,0,0.649751603603363,0.019699424505233765,0.7598912715911865,0,-0.012005000375211239,0.017687000334262848,0.006289999932050705,1,0.9634742140769958,-0.05370195955038071,0.26236090064048767,0,0.010048859752714634,0.9862478971481323,0.1649698168039322,0,-0.2676120698451996,-0.15630775690078735,0.9507641196250916,0,-0.00020300000323913991,0.01782499998807907,0,1,0.9433358311653137,0.2265806496143341,-0.2424430549144745,0,-0.21547676622867584,0.973869800567627,0.0717410296201706,0,0.25236329436302185,-0.015435055829584599,0.967509925365448,0,0.0004250000056345016,0.016036000102758408,0,1,0.9996259808540344,-0.005815786775201559,-0.026705974712967873,0,0.005211342126131058,0.9997300505638123,-0.022647492587566376,0,0.026830492541193962,0.02249986119568348,0.9993869662284851,0,-0.015014000236988068,0.06937500089406967,-0.00023400000645779073,1,0.9989350438117981,-0.04586600512266159,-0.005104368552565575,0,0.04535501077771187,0.9552910327911377,0.29216688871383667,0,-0.008524368517100811,-0.29208722710609436,0.9563539624214172,0,-0.000037000001611886546,0.009588000364601612,0,1,0.9999600052833557,0.008956912904977798,-0.000005815595613967162,0,-0.008934080600738525,0.997456967830658,0.07071445882320404,0,0.0006391840288415551,-0.07071159034967422,0.9974970817565918,0,-0.00003300000025774352,0.009341999888420105,0,1,0.995756983757019,-0.09065490961074829,-0.01579507812857628,0,0.09123537689447403,0.9502309560775757,0.29788804054260254,0,-0.011996039189398289,-0.2980651557445526,0.9544699788093567,0,-0.00456599984318018,0.07043100148439407,-0.000750000006519258,1,0.9978349804878235,-0.06470311433076859,-0.01176408864557743,0,0.06298288702964783,0.8887550830841064,0.45403507351875305,0,-0.01892208866775036,-0.453792929649353,0.8909059166908264,0,0,0.01130400039255619,0,1,0.9993730187416077,-0.03502916917204857,-0.005123391281813383,0,0.035088833421468735,0.9609059691429138,0.2746421694755554,0,-0.004697390832006931,-0.27464985847473145,0.9615330696105957,0,0.000035000000934815034,0.011048000305891037,0,1,0.9955229163169861,-0.09413929283618927,-0.008435969240963459,0,0.08156377822160721,0.8105677366256714,0.5799373388290405,0,-0.04775695875287056,-0.5780288577079773,0.8146169781684875,0,0.005927000194787979,0.07049799710512161,-0.001155999954789877,1,0.9991070032119751,-0.04145023226737976,-0.008244912140071392,0,0.042053770273923874,0.955720067024231,0.2912587821483612,0,-0.004192912485450506,-0.29134517908096313,0.9566089510917664,0,0,0.009239999577403069,0,1,0.9996489882469177,-0.0258772149682045,-0.005659106653183699,0,0.026488786563277245,0.976406991481781,0.21430812776088715,0,-0.00002010651587625034,-0.21438287198543549,0.9767500758171082,0,0.000009000000318337698,0.008469999767839909,0,1,0.9760488867759705,-0.21642321348190308,-0.022124892100691795,0,0.1975308358669281,0.8390171527862549,0.506983757019043,0,-0.091159887611866,-0.49921122193336487,0.8616718649864197,0,0.013652999885380268,0.06073300167918205,-0.00022699999681208283,1,0.9968280792236328,-0.0778830423951149,-0.01639469526708126,0,0.0761299654841423,0.8729701638221741,0.4817967116832733,0,-0.02321169525384903,-0.4815163016319275,0.8761298656463623,0,0.00004999999873689376,0.00865700002759695,0,1,0.9994159936904907,-0.03412812575697899,-0.001702098990790546,0,0.03409787267446518,0.9928060173988342,0.1147719994187355,0,-0.002227099146693945,-0.11476302146911621,0.9933900237083435,0,-0.000014999999621068127,0.007977000437676907,0,1,0.07554856687784195,0.02359284833073616,0.9968629479408264,0,-0.8660101294517517,-0.4940125346183777,0.0773235410451889,0,0.49428704380989075,-0.8691350221633911,-0.0168902650475502,0,-0.024251999333500862,0.11354199796915054,-0.0011470000026747584,1,0.9679040908813477,0.14909036457538605,0.20231860876083374,0,-0.24991609156131744,0.6559060215950012,0.7122703790664673,0,-0.02650938183069229,-0.7399730086326599,0.6721150279045105,0,0,0.08369699865579605,0,1,0.835063099861145,-0.5501209497451782,-0.006068799179047346,0,0.5501312613487244,0.8348759412765503,0.01838594116270542,0,-0.0050477986223995686,-0.01869206130504608,0.9998130202293396,0,0,0.15240700542926788,0,1,0.8754519820213318,-0.03880907595157623,0.4817449748516083,0,-0.002330511575564742,0.9964199662208557,0.08450610190629959,0,-0.48329979181289673,-0.07510372251272202,0.872227132320404,0,0,0.1556140035390854,0,1,0.8662499189376831,-0.3761761784553528,0.3287888765335083,0,0.31345096230506897,0.9216629862785339,0.2286597490310669,0,-0.38904914259910583,-0.09501734375953674,0.9163038730621338,0,0.011339999735355377,0.017806999385356903,0.006459000054746866,1,0.9742068648338318,0.19071641564369202,0.12061814963817596,0,-0.16915960609912872,0.9709879755973816,-0.16902023553848267,0,-0.14935362339019775,0.14425687491893768,0.978204071521759,0,0.0006210000137798488,0.017650999128818512,0,1,0.9010969400405884,-0.3966220021247864,-0.17525433003902435,0,0.3987880349159241,0.9167230129241943,-0.024226738139986992,0,0.17026863992214203,-0.04805872216820717,0.9842250347137451,0,0.0008079999824985862,0.016551999375224113,0,1,0.9941179156303406,-0.10791323333978653,-0.009127052500844002,0,0.10787488520145416,0.9792590141296387,0.1715060919523239,0,-0.009570037946105003,-0.17148202657699585,0.9851410388946533,0,0.01464099995791912,0.07246299833059311,0.00034500000765547156,1,0.9977909922599792,0.06577298045158386,0.009321002289652824,0,-0.06291802227497101,0.8906700015068054,0.4502750635147095,0,0.021314002573490143,-0.4498669505119324,0.8928409814834595,0,-0.00004999999873689376,0.008921000175178051,0,1,0.9998080134391785,0.019516630098223686,0.0019419140880927444,0,-0.019200364127755165,0.9537609219551086,0.29995104670524597,0,0.00400191405788064,-0.2999309003353119,0.9539530277252197,0,-0.000022000000171829015,0.00836899969726801,0,1,0.9983159303665161,0.05801070109009743,0.0008538902038708329,0,-0.05391603708267212,0.9222139716148376,0.38290196657180786,0,0.021424945443868637,-0.38230326771736145,0.9237889051437378,0,0.005561999976634979,0.07470999658107758,-0.0013729999773204327,1,0.996554970741272,0.08000665158033371,0.02185402624309063,0,-0.07652034610509872,0.7853207588195801,0.614342212677002,0,0.03198902681469917,-0.6138978004455566,0.7887371182441711,0,-0.00002099999983329326,0.009185000322759151,0,1,0.9982669949531555,0.05684519559144974,0.015206865966320038,0,-0.056543800979852676,0.8551098704338074,0.5153541564941406,0,0.016291866078972816,-0.5153208374977112,0.8568421006202698,0,0.00002700000004551839,0.009095000103116035,0,1,0.9973649978637695,0.07204391807317734,0.008508612401783466,0,-0.060655076056718826,0.7638078927993774,0.6425880789756775,0,0.03979562222957611,-0.6414110064506531,0.7661651372909546,0,-0.006051999982446432,0.06717199832201004,-0.0009280000231228769,1,0.9988100528717041,0.0479108989238739,0.009101753123104572,0,-0.04750410467386246,0.9136229157447815,0.40377697348594666,0,0.011029752902686596,-0.40372899174690247,0.9148119688034058,0,-0.000050999999075429514,0.010259999893605709,0,1,0.9996759295463562,0.02536373771727085,0.0022178785875439644,0,-0.024561265483498573,0.9377549886703491,0.34642791748046875,0,0.006706879008561373,-0.3463701009750366,0.938073992729187,0,-0.00005900000178371556,0.010266000404953957,0,1,0.9933109879493713,0.11496110260486603,0.010790660046041012,0,-0.08998983353376389,0.7122029066085815,0.6961811184883118,0,0.07234867662191391,-0.692496120929718,0.7177850008010864,0,-0.014151000417768955,0.05815799906849861,0.00025099999038502574,1,0.9935479760169983,0.10729481279850006,0.036748189479112625,0,-0.09818218648433685,0.6515218615531921,0.7522490620613098,0,0.0567701980471611,-0.7510039806365967,0.6578531265258789,0,-0.00005700000110664405,0.009421000257134438,0,1,0.9972810745239258,0.07282372564077377,0.011309009045362473,0,-0.06078827753663063,0.726102888584137,0.6848940849304199,0,0.041665010154247284,-0.6837189197540283,0.7285550832748413,0,-0.000007000000096013537,0.008631999604403973,0,1,-0.9842720031738281,-0.17665989696979523,0.0002860094828065485,0,0.13949920237064362,-0.776233434677124,0.6148186922073364,0,-0.10839177668094635,0.6051886081695557,0.7886686325073242,0,0.054579999297857285,-0.044266000390052795,-0.00036800000816583633,1,0.9908509850502014,0.1273701786994934,-0.04461668059229851,0,-0.04535774141550064,0.0029220168944448233,-0.9989669322967529,0,-0.12710820138454437,0.9918509125709534,0.008672505617141724,0,0,0.2833159863948822,0,1,0.9926169514656067,-0.08044237643480301,-0.0907725840806961,0,0.10243268311023712,0.1552368551492691,0.9825520515441895,0,-0.06494764238595963,-0.9845969676971436,0.16233083605766296,0,0,0.24336299300193787,0,1,0.9998649954795837,-0.00043290495523251593,-0.016422828659415245,0,0.009024083614349365,0.8498120307922363,0.5270088911056519,0,0.013728170655667782,-0.5270858407020569,0.8497010469436646,0,0,0.08242200314998627,0,1,-0.9370241165161133,-0.2759782373905182,-0.2140599936246872,0,0.20725184679031372,-0.9326753616333008,0.29523569345474243,0,-0.281127005815506,0.23227855563163757,0.9311361312866211,0,-0.054579999297857285,-0.044266000390052795,0.004178000148385763,1,0.9998310208320618,0.012693014927208424,0.013273515738546848,0,0.0008257806184701622,0.6909335255622864,-0.7229185700416565,0,-0.018347138538956642,0.7228075861930847,0.69080650806427,0,0,0.26787498593330383,0,1,0.9976710081100464,-0.027250640094280243,-0.06253141909837723,0,0.06363315880298615,0.04163660109043121,0.9971040487289429,0,-0.02456812933087349,-0.998760998249054,0.0432736836373806,0,0,0.22586800158023834,0,1,0.9997720718383789,0.001464908942580223,0.021297544240951538,0,-0.013139085844159126,0.8285231590270996,0.5598006844520569,0,-0.01682545803487301,-0.5599530935287476,0.8283538818359375,0,0,0.08159500360488892,0,1
